level 1
36
_spawn 0.0 5.0 0.6000000238418579 0.0 0.0 3.1415927410125732 0.5 0.5 0.5
floatingisland 0.0 0.0 0.0 0.0 0.0 0.0 1.0 1.0 1.0
flower -0.24515891075134277 1.113922119140625 -0.01556292176246643 0.0 -0.0 2.8380110263824463 0.5101327896118164 0.5101327896118164 0.5101327896118164
flower 5.261973857879639 5.162484645843506 -0.01556292176246643 0.0 -0.0 -3.095144510269165 0.5101327896118164 0.5101327896118164 0.5101327896118164
flower 3.1358590126037598 -3.3309597969055176 -0.01556292176246643 0.0 -0.0 -1.985489845275879 0.5101327896118164 0.5101327896118164 0.5101327896118164
tallgrass 0.0 0.0 -0.025100721046328545 0.0 -0.0 -0.8926516771316528 0.07604130357503891 0.07604130357503891 0.07604130357503891
tallgrass -1.054038166999817 3.9378867149353027 -0.025100721046328545 0.0 -0.0 1.2152352333068848 0.07604130357503891 0.07604130357503891 0.07604130357503891
tallgrass -2.158669948577881 2.3526134490966797 -0.025100721046328545 0.0 -0.0 1.1115472316741943 0.07604130357503891 0.07604130357503891 0.07604130357503891
tallgrass -6.585629940032959 0.29307013750076294 -0.13210166990756989 0.0 -0.0 -1.121913194656372 0.07604130357503891 0.07604130357503891 0.07604130357503891
tallgrass -6.18087911605835 -0.47220879793167114 -0.15885183215141296 0.0 -0.0 3.2975809574127197 0.07604130357503891 0.07604130357503891 0.07604130357503891
tallgrass -6.512422561645508 -2.833254337310791 -0.025100721046328545 0.0 -0.0 0.16573725640773773 0.07604130357503891 0.07604130357503891 0.07604130357503891
tallgrass -6.16401481628418 -3.701781749725342 -0.025100721046328545 0.0 -0.0 -3.881625175476074 0.07604130357503891 0.07604130357503891 0.07604130357503891
tallgrass -4.806413650512695 -4.241449356079102 -0.025100721046328545 0.0 -0.0 0.6409287452697754 0.07604130357503891 0.07604130357503891 0.07604130357503891
tallgrass -2.6571877002716064 -5.771407127380371 -0.3326052725315094 0.0 -0.0 -1.9840072393417358 0.07604130357503891 0.07604130357503891 0.07604130357503891
tallgrass -2.0500617027282715 -6.6699538230896 -0.48937228322029114 0.0 -0.0 0.3363642394542694 0.07604130357503891 0.07604130357503891 0.07604130357503891
tallgrass -1.3259878158569336 -1.3457229137420654 -0.025100721046328545 0.0 -0.0 -1.505290150642395 0.07604130357503891 0.07604130357503891 0.07604130357503891
tallgrass -0.4715341329574585 -5.103569030761719 -0.025100721046328545 0.0 0.0 4.32306432723999 0.07604130357503891 0.07604130357503891 0.07604130357503891
tallgrass -0.18011364340782166 -5.856405258178711 -0.22441326081752777 0.0 -0.0 1.2382142543792725 0.07604130357503891 0.07604130357503891 0.07604130357503891
tallgrass 0.03845171630382538 -3.8528892993927 -0.08563447743654251 0.0 -0.0 0.6011730432510376 0.07604130357503891 0.07604130357503891 0.07604130357503891
tallgrass 4.0330681800842285 -3.289094924926758 0.06092768907546997 0.0 0.0 0.0 0.07604130357503891 0.07604130357503891 0.07604130357503891
tallgrass 2.078394889831543 -3.9257445335388184 -0.025100721046328545 0.0 -0.0 0.4031052887439728 0.07604130357503891 0.07604130357503891 0.07604130357503891
tallgrass -1.8317689895629883 0.3900887966156006 -0.025100721046328545 0.0 -0.0 -5.045925140380859 0.07604130357503891 0.07604130357503891 0.07604130357503891
tallgrass -1.4310657978057861 1.4707731008529663 -0.025100721046328545 0.0 -0.0 2.898681402206421 0.07604130357503891 0.07604130357503891 0.07604130357503891
tallgrass 4.190920829772949 5.781367778778076 -0.025100603699684143 0.0 -0.0 -2.3381175994873047 0.07604130357503891 0.07604130357503891 0.07604130357503891
tallgrass -1.6010613441467285 7.056332588195801 -0.02510048635303974 0.0 -0.0 -1.790825366973877 0.07604130357503891 0.07604130357503891 0.07604130357503891
tallgrass -0.4475219249725342 6.789196968078613 -0.025100508704781532 0.0 -0.0 -0.638817310333252 0.07604130357503891 0.07604130357503891 0.07604130357503891
tallgrass 3.013096332550049 5.247097015380859 -0.025100579485297203 0.0 -0.0 -3.3305747509002686 0.07604130357503891 0.07604130357503891 0.07604130357503891
tallgrass 5.36874532699585 4.020702362060547 -0.025100627914071083 0.0 -0.0 -1.0272678136825562 0.07604130357503891 0.07604130357503891 0.07604130357503891
tallgrass 6.328004360198975 1.8229060173034668 -0.025100646540522575 0.0 -0.0 -1.4560693502426147 0.07604130357503891 0.07604130357503891 0.07604130357503891
tallgrass 7.1415534019470215 1.1793525218963623 -0.02510066330432892 0.0 -0.0 -1.8683923482894897 0.07604130357503891 0.07604130357503891 0.07604130357503891
tallgrass 6.5487961769104 -1.7689706087112427 -0.21589258313179016 0.0 0.0 0.0 0.07604130357503891 0.07604130357503891 0.07604130357503891
tallgrass 5.040018081665039 0.8618106842041016 -0.02510061487555504 0.0 -0.0 0.8804273009300232 0.07604130357503891 0.07604130357503891 0.07604130357503891
tallgrass 3.571258544921875 1.9528889656066895 -0.025100642815232277 0.0 -0.0 2.730605125427246 0.07604130357503891 0.07604130357503891 0.07604130357503891
tallgrass 4.347602844238281 -0.20828533172607422 0.013448802754282951 0.0 0.0 0.0 0.07604130357503891 0.07604130357503891 0.07604130357503891
tallgrass 5.243858814239502 -2.894153594970703 0.1802869588136673 0.0 0.0 0.0 0.07604130357503891 0.07604130357503891 0.07604130357503891
tree 5.830732822418213 -3.513298273086548 0.0 0.0 0.0 0.0 1.3329999446868896 1.3329999446868896 1.3329999446868896
