24 19
-0.125 -0.2572023570537567 -1.192092824453539e-08 0.9998477101325989 4.179132151449494e-09 3.3851264014117532e-09 -0.017452405765652657
0.0 0.0 0.0 0.9960430264472961 0.09584121406078339 0.001563293393701315 -0.017005320638418198
0.0 0.0 0.0 0.9961947202682495 0.13945984840393066 -7.399716950295954e-11 2.0701934388966947e-08
0.0 0.0 0.0 0.9990482330322266 -0.04361938685178757 0.0 0.0
0.0 0.0 0.0 0.9999867081642151 -0.005174938589334488 3.9407621610365595e-10 -1.8809624968696426e-09
0.0 0.0 0.0 1.0 0.0 0.0 0.0
0.0 0.0 0.0 0.6915938854217529 -0.6465871930122375 0.3178596794605255 -0.050875984132289886
0.0 0.0 0.0 0.9156848192214966 0.2416325956583023 0.11900029331445694 -0.2982853651046753
0.0 0.0 0.0 0.9542902112007141 0.2088252454996109 0.20189079642295837 -0.0704452246427536
0.0 0.0 0.0 1.0 0.0 0.0 0.0
0.0 0.0 0.0 0.7521076202392578 -0.6056134700775146 -0.19925010204315186 0.1669328659772873
0.0 0.0 0.0 0.9640988111495972 0.056299254298210144 0.03506302461028099 0.25712865591049194
0.0 0.0 0.0 0.8783350586891174 0.1233724057674408 -0.4418931305408478 0.13430526852607727
0.0 0.0 0.0 0.9562128782272339 -0.2911623418331146 0.005471926648169756 -0.02918402850627899
0.0 0.0 0.0 0.9304122924804688 0.36651352047920227 -0.00042140320874750614 -0.0009925467893481255
0.0 0.0 0.0 0.9999938607215881 -0.003544166684150696 1.0800547897815704e-05 -0.00014986470341682434
0.0 0.0 0.0 0.9865993857383728 -0.15798772871494293 0.009037950076162815 -0.039747171103954315
0.0 0.0 0.0 0.9483634829521179 0.3170800805091858 0.008047611452639103 -0.0016213692724704742
0.0 0.0 0.0 0.9857739806175232 0.16795118153095245 -0.00635505048558116 0.0013692558277398348
-0.12220317125320435 -0.24825164675712585 -1.192092824453539e-08 0.9998477101325989 4.179132151449494e-09 3.3851264014117532e-09 -0.016869619488716125
0.0 0.0 0.0 0.9961276054382324 0.0936918631196022 0.0015641527716070414 -0.01626899465918541
0.0 0.0 0.0 0.9961288571357727 0.13406726717948914 0.00546086672693491 0.00021276844199746847
0.0 0.0 0.0 0.9990922212600708 -0.04030749201774597 0.0 0.0
0.0 0.0 0.0 0.9999418258666992 -0.002480213763192296 3.9407621610365595e-10 -1.8809624968696426e-09
0.0 0.0 0.0 0.9999412298202515 -0.0002706546219997108 -0.00023564431467093527 0.002670451533049345
0.0 0.0 0.0 0.6882736086845398 -0.6454327702522278 0.3247847557067871 -0.043249670416116714
0.0 0.0 0.0 0.917665958404541 0.2407330423593521 0.11900342255830765 -0.289935439825058
0.0 0.0 0.0 0.9542902112007141 0.2088252454996109 0.20189079642295837 -0.0704452246427536
0.0 0.0 0.0 0.9999412298202515 0.0002702721394598484 -0.00042552180821076035 0.0026468802243471146
0.0 0.0 0.0 0.7546599507331848 -0.5993088483810425 -0.18488352000713348 0.17676910758018494
0.0 0.0 0.0 0.9585078358650208 0.05791793018579483 0.03431416675448418 0.2703072130680084
0.0 0.0 0.0 0.8783350586891174 0.1233724057674408 -0.4418931305408478 0.13430526852607727
0.0 0.0 0.0 0.949337363243103 -0.3106848895549774 0.004568945616483688 -0.029009338468313217
0.0 0.0 0.0 0.9344730377197266 0.34829792380332947 0.0003197716432623565 -0.0014979627449065447
0.0 0.0 0.0 0.9999938607215881 -0.0035308380611240864 3.636808287410531e-06 -8.697412340552546e-06
0.0 0.0 0.0 0.9870762228965759 -0.14342106878757477 0.008346473798155785 -0.039437804371118546
0.0 0.0 0.0 0.949964702129364 0.3049454092979431 0.007274576462805271 -0.0014395385514944792
0.0 0.0 0.0 0.9842410087585449 0.17605261504650116 -0.0056428066454827785 0.0015436511021107435
-0.1129394918680191 -0.22220151126384735 -1.192092824453539e-08 0.9998477101325989 4.179132151449494e-09 3.3851264014117532e-09 -0.015042726881802082
0.0 0.0 0.0 0.9963737726211548 0.08743637800216675 0.0015714123146608472 -0.014015207067131996
0.0 0.0 0.0 0.9959371089935303 0.11837270110845566 0.02135417051613331 0.0008319494663737714
0.0 0.0 0.0 0.9992201924324036 -0.030668556690216064 0.0 0.0
0.0 0.0 0.0 0.9998113512992859 0.005362513475120068 3.9407621610365595e-10 -1.8809624968696426e-09
0.0 0.0 0.0 0.9997701048851013 -0.001058367663063109 -0.0009214634774252772 0.01044253259897232
0.0 0.0 0.0 0.67861008644104 -0.6420729756355286 0.3449394404888153 -0.021054040640592575
0.0 0.0 0.0 0.9235431551933289 0.23775728046894073 0.11902985721826553 -0.26563379168510437
0.0 0.0 0.0 0.9542902112007141 0.2088252454996109 0.20189079642295837 -0.0704452246427536
0.0 0.0 0.0 0.9997701048851013 0.0010568721918389201 -0.0016639605164527893 0.010350359603762627
0.0 0.0 0.0 0.7620881795883179 -0.5809597969055176 -0.1430710405111313 0.20539651811122894
0.0 0.0 0.0 0.9422358274459839 0.06291652470827103 0.032134685665369034 0.3086620569229126
0.0 0.0 0.0 0.8783350586891174 0.1233724057674408 -0.4418931305408478 0.13430526852607727
0.0 0.0 0.0 0.9346247315406799 -0.3524607717990875 0.0023203075397759676 -0.027505790814757347
0.0 0.0 0.0 0.9462915062904358 0.2952832877635956 0.002476886846125126 -0.002968925517052412
0.0 0.0 0.0 0.9999938011169434 -0.0034182434901595116 -5.687934753950685e-05 0.0004021558561362326
0.0 0.0 0.0 0.9884639382362366 -0.1010262593626976 0.006333998870104551 -0.03825889900326729
0.0 0.0 0.0 0.9548765420913696 0.2711983919143677 0.005071563646197319 -0.0009381505660712719
0.0 0.0 0.0 0.9809606075286865 0.1933886706829071 -0.004118692129850388 0.0019168350845575333
-0.09668423980474472 -0.18475276231765747 -1.192092824453539e-08 0.9998477101325989 4.179132151449494e-09 3.3851264014117532e-09 -0.012074601836502552
0.0 0.0 0.0 0.9967275857925415 0.07844372093677521 0.00159428920596838 -0.010485595092177391
0.0 0.0 0.0 0.9956614971160889 0.09581076353788376 0.0442018061876297 0.0017220614245161414
0.0 0.0 0.0 0.9994041919708252 -0.016811972483992577 0.0 0.0
0.0 0.0 0.0 0.9996236562728882 0.016636932268738747 3.9407621610365595e-10 -1.8809624968696426e-09
0.0 0.0 0.0 0.9995241165161133 -0.002190755447372794 -0.001907372148707509 0.021615395322442055
0.0 0.0 0.0 0.6647182703018188 -0.6372430324554443 0.373913049697876 0.010853581130504608
0.0 0.0 0.0 0.9322832226753235 0.2325442135334015 0.11911316215991974 -0.2306986153125763
0.0 0.0 0.0 0.9542902112007141 0.2088252454996109 0.20189079642295837 -0.0704452246427536
0.0 0.0 0.0 0.9995241165161133 0.0021876597311347723 -0.003444294910877943 0.02142460271716118
0.0 0.0 0.0 0.7727667093276978 -0.5545818209648132 -0.08296290785074234 0.24655020236968994
0.0 0.0 0.0 0.9188439249992371 0.07085426896810532 0.029001548886299133 0.3637996017932892
0.0 0.0 0.0 0.8783350586891174 0.1233724057674408 -0.4418931305408478 0.13430526852607727
0.0 0.0 0.0 0.9277492165565491 -0.3719833195209503 0.0004421049961820245 -0.02384866401553154
0.0 0.0 0.0 0.9632813334465027 0.2190713733434677 0.005577877163887024 -0.005083527881652117
0.0 0.0 0.0 0.999993622303009 -0.0030634249560534954 -0.0002475834044162184 0.0009927834616973996
0.0 0.0 0.0 0.9904589653015137 -0.04008101671934128 0.003440938424319029 -0.03583592548966408
0.0 0.0 0.0 0.9610564708709717 0.235080748796463 0.0026067933067679405 -0.00041017422336153686
0.0 0.0 0.0 0.9794276356697083 0.2014901041984558 -0.0034064482897520065 0.002091230358928442
-0.07473140954971313 -0.14730402827262878 -1.192092824453539e-08 0.9998477101325989 4.179132151449494e-09 3.3851264014117532e-09 -0.008443567901849747
0.0 0.0 0.0 0.997081458568573 0.06945106387138367 0.0016412910772487521 -0.006394304800778627
0.0 0.0 0.0 0.9953858852386475 0.07324882596731186 0.06704944372177124 0.002612173091620207
0.0 0.0 0.0 0.999588131904602 -0.0029553845524787903 0.0 0.0
0.0 0.0 0.0 0.9994360208511353 0.02791135385632515 3.9407621610365595e-10 -1.8809624968696426e-09
0.0 0.0 0.0 0.9992781281471252 -0.003323143348097801 -0.002893280703574419 0.03278825804591179
0.0 0.0 0.0 0.6508264541625977 -0.6324130296707153 0.4028867185115814 0.04276120662689209
0.0 0.0 0.0 0.9415881037712097 0.2255176305770874 0.11928432434797287 -0.19576343894004822
0.0 0.0 0.0 0.9542902112007141 0.2088252454996109 0.20189079642295837 -0.0704452246427536
0.0 0.0 0.0 0.9992781281471252 0.0033184473868459463 -0.005224629305303097 0.03249884396791458
0.0 0.0 0.0 0.7834453582763672 -0.5282038450241089 -0.022854775190353394 0.2877039611339569
0.0 0.0 0.0 0.8954519033432007 0.08025016635656357 0.025868408381938934 0.418937087059021
0.0 0.0 0.0 0.8783350586891174 0.1233724057674408 -0.4418931305408478 0.13430526852607727
0.0 0.0 0.0 0.9336934089660645 -0.35613372921943665 -0.0005648887599818408 -0.01745985820889473
0.0 0.0 0.0 0.98027104139328 0.14285944402217865 0.008678866550326347 -0.0071981302462518215
0.0 0.0 0.0 0.9999932050704956 -0.002334428718313575 -0.0006393965450115502 0.0015834111254662275
0.0 0.0 0.0 0.9924539923667908 0.020864233374595642 0.0005478784441947937 -0.03200080618262291
0.0 0.0 0.0 0.9697847366333008 0.19310970604419708 -0.00043673746404238045 0.00018890183127950877
0.0 0.0 0.0 0.9809309244155884 0.19513897597789764 -0.00404707994312048 0.0013345378683879972
-0.04980725422501564 -0.12125387787818909 -1.192092824453539e-08 0.9998477101325989 4.179132151449494e-09 3.3851264014117532e-09 -0.0047945864498615265
0.0 0.0 0.0 0.9973276257514954 0.06319557875394821 0.0017148612532764673 -0.0025966698303818703
0.0 0.0 0.0 0.995194137096405 0.057554252445697784 0.08294274657964706 0.003231354057788849
0.0 0.0 0.0 0.9997162222862244 0.006683550775051117 0.0 0.0
0.0 0.0 0.0 0.9993054866790771 0.03575408086180687 3.9407621610365595e-10 -1.8809624968696426e-09
0.0 0.0 0.0 0.9991070628166199 -0.004110855981707573 -0.003579100128263235 0.04056033864617348
0.0 0.0 0.0 0.6411629915237427 -0.6290532350540161 0.4230414032936096 0.06495682895183563
0.0 0.0 0.0 0.9490175247192383 0.2175571769475937 0.11955223232507706 -0.1714617908000946
0.0 0.0 0.0 0.9542902112007141 0.2088252454996109 0.20189079642295837 -0.0704452246427536
0.0 0.0 0.0 0.9991070628166199 0.0041050477884709835 -0.006463067606091499 0.04020232334733009
0.0 0.0 0.0 0.7908735871315002 -0.509854793548584 0.01895773410797119 0.31633132696151733
0.0 0.0 0.0 0.8791798949241638 0.0892566591501236 0.02368893101811409 0.45729196071624756
0.0 0.0 0.0 0.8783350586891174 0.1233724057674408 -0.4418931305408478 0.13430526852607727
0.0 0.0 0.0 0.948292076587677 -0.31590691208839417 -0.0012434546370059252 -0.008197827264666557
0.0 0.0 0.0 0.9920895099639893 0.08984476327896118 0.0108359819278121 -0.008669094182550907
0.0 0.0 0.0 0.9999926090240479 -0.0011933606583625078 -0.001252685789950192 0.0019942643120884895
0.0 0.0 0.0 0.993841826915741 0.06325903534889221 -0.001464596949517727 -0.026940442621707916
0.0 0.0 0.0 0.9801497459411621 0.14683713018894196 -0.0038782262708991766 0.0008424343541264534
0.0 0.0 0.0 0.9847453236579895 0.17625533044338226 -0.005946521647274494 -0.0002846906427294016
-0.024447185918688774 -0.11230318248271942 6.590064605127566e-11 0.9998477101325989 4.2943426592501055e-10 3.0860136668309224e-10 -0.0015865825116634369
0.0 0.0 0.0 0.9974122047424316 0.06104622781276703 0.001811259426176548 0.0003639915958046913
0.0 0.0 0.0 0.9951282739639282 0.05216168239712715 0.0884036123752594 0.0034441021271049976
0.0 0.0 0.0 0.9997601509094238 0.009995441883802414 -1.2357370682281044e-10 -3.138851678574639e-10
0.0 0.0 0.0 0.999260663986206 0.03844880312681198 1.4378534474168703e-10 -1.5141173870247826e-09
0.0 0.0 0.0 0.9990482330322266 -0.004381510894745588 -0.003814744297415018 0.04323079064488411
0.0 0.0 0.0 0.6378426551818848 -0.6278988122940063 0.42996644973754883 0.0725831463932991
0.0 0.0 0.0 0.9532349705696106 0.2094758003950119 0.11990327388048172 -0.1631118655204773
0.0 0.0 0.0 0.9542902112007141 0.2088252454996109 0.20189079642295837 -0.0704452246427536
0.0 0.0 0.0 0.9990482330322266 0.004375319462269545 -0.006888589821755886 0.04284920543432236
0.0 0.0 0.0 0.7934259176254272 -0.503550112247467 0.033324286341667175 0.32616758346557617
0.0 0.0 0.0 0.8735889792442322 0.09664981067180634 0.022940073162317276 0.47047051787376404
0.0 0.0 0.0 0.8783350586891174 0.1233724057674408 -0.4418931305408478 0.13430526852607727
0.0 0.0 0.0 0.9600278735160828 -0.28060460090637207 -0.0021821283735334873 0.0006055114790797234
0.0 0.0 0.0 0.9961503148078918 0.07162922620773315 0.01157715730369091 -0.009174508973956108
0.0 0.0 0.0 0.999991774559021 0.00030176714062690735 -0.002056271070614457 0.0021354316268116236
0.0 0.0 0.0 0.9943186044692993 0.07782569527626038 -0.0021560732275247574 -0.02103877067565918
0.0 0.0 0.0 0.9842993021011353 0.12884904444217682 -0.005230022594332695 0.0010953648015856743
0.0 0.0 0.0 0.9880908727645874 0.15358836948871613 -0.008216485381126404 -0.001041382784023881
0.007021782919764519 -0.12125389277935028 6.590064605127566e-11 0.9998477101325989 4.2943426592501055e-10 3.0860136668309224e-10 0.0018174353754147887
0.0 0.0 0.0 0.9973370432853699 0.06319057196378708 0.0019709537737071514 0.003005665959790349
0.0 0.0 0.0 0.995194137096405 0.05755426362156868 0.08492203056812286 0.0033187014050781727
0.0 0.0 0.0 0.9997594952583313 0.008538378402590752 -1.2357370682281044e-10 -3.138851678574639e-10
0.0 0.0 0.0 0.9993055462837219 0.03575408086180687 1.4378534474168703e-10 -1.5141173870247826e-09
0.0 0.0 0.0 0.9991070032119751 -0.004210533574223518 -0.0037004840560257435 0.041540149599313736
0.0 0.0 0.0 0.6423905491828918 -0.6281522512435913 0.4197171628475189 0.06259122490882874
0.0 0.0 0.0 0.9554914236068726 0.19946864247322083 0.12209112197160721 -0.16317841410636902
0.0 0.0 0.0 0.9542902112007141 0.2088252454996109 0.20189079642295837 -0.0704452246427536
0.0 0.0 0.0 0.9991070032119751 0.004204722587019205 -0.006585332565009594 0.0411820262670517
0.0 0.0 0.0 0.7881410717964172 -0.5114954113960266 0.012441162019968033 0.3099295496940613
0.0 0.0 0.0 0.875167727470398 0.10380057990550995 0.024042857810854912 0.4673358201980591
0.0 0.0 0.0 0.8783350586891174 0.1233724057674408 -0.4418931305408478 0.13430526852607727
0.0 0.0 0.0 0.9670684337615967 -0.2576051950454712 -0.003645937656983733 0.0092106182128191
0.0 0.0 0.0 0.9931910037994385 0.08681627362966537 0.011217928491532803 -0.008742351084947586
0.0 0.0 0.0 0.9994558691978455 0.009083278477191925 -0.0032795509323477745 0.0018914026441052556
0.0 0.0 0.0 0.9930192828178406 0.06101460009813309 -0.002083544386550784 -0.01285534631460905
0.0 0.0 0.0 0.9692453742027283 0.17858442664146423 -0.005016111768782139 0.00028162478702142835
0.0 0.0 0.0 0.9906527996063232 0.1283734291791916 -0.010785091668367386 -0.0008370139985345304
0.04972528666257858 -0.14730402827262878 6.590064605127566e-11 0.9998477101325989 4.2943426592501055e-10 3.0860136668309224e-10 0.006036890204995871
0.0 0.0 0.0 0.9971181154251099 0.06943146884441376 0.002228741068392992 0.005874920636415482
0.0 0.0 0.0 0.9953858852386475 0.07324882596731186 0.07413779199123383 0.002924986882135272
0.0 0.0 0.0 0.9997540712356567 0.004297739826142788 -1.2357370682281044e-10 -3.138851678574639e-10
0.0 0.0 0.0 0.9994360208511353 0.02791135385632515 1.4378534474168703e-10 -1.5141173870247826e-09
0.0 0.0 0.0 0.9992781281471252 -0.0036801144015043974 -0.0033279908820986748 0.03629722818732262
0.0 0.0 0.0 0.6561324596405029 -0.6288898587226868 0.38810354471206665 0.031964272260665894
0.0 0.0 0.0 0.9572135210037231 0.185903400182724 0.127900168299675 -0.16374057531356812
0.0 0.0 0.0 0.9542902112007141 0.2088252454996109 0.20189079642295837 -0.0704452246427536
0.0 0.0 0.0 0.9992781281471252 0.003675412153825164 -0.0056624929420650005 0.03600742295384407
0.0 0.0 0.0 0.7725645899772644 -0.5346193313598633 -0.04892311245203018 0.26217877864837646
0.0 0.0 0.0 0.8800952434539795 0.11210162937641144 0.027328768745064735 0.4573444426059723
0.0 0.0 0.0 0.8783350586891174 0.1233724057674408 -0.4418931305408478 0.13430526852607727
0.0 0.0 0.0 0.972874104976654 -0.23908595740795135 -0.005586560349911451 0.019171815365552902
0.0 0.0 0.0 0.9845782518386841 0.13101664185523987 0.01017242856323719 -0.007484601344913244
0.0 0.0 0.0 0.9977753162384033 0.03240729123353958 -0.005189786199480295 0.0011476761428639293
0.0 0.0 0.0 0.9888880252838135 0.010121393017470837 -0.0018216014141216874 -0.0011541708372533321
0.0 0.0 0.0 0.9370318055152893 0.2886142134666443 -0.004468623083084822 -0.0014596779365092516
0.0 0.0 0.0 0.9933967590332031 0.09637945890426636 -0.014109589159488678 -0.00024221905914600939
0.09723707288503647 -0.18475276231765747 6.590064605127566e-11 0.9998477101325989 4.2943426592501055e-10 3.0860136668309224e-10 0.010488019324839115
0.0 0.0 0.0 0.9968034029006958 0.07840315997600555 0.002540566958487034 0.008631609380245209
0.0 0.0 0.0 0.9956614971160889 0.09581076353788376 0.05693162977695465 0.002283836714923382
0.0 0.0 0.0 0.999737024307251 -0.0017984481528401375 -1.2357370682281044e-10 -3.138851678574639e-10
0.0 0.0 0.0 0.999623715877533 0.016636932268738747 1.4378534474168703e-10 -1.5141173870247826e-09
0.0 0.0 0.0 0.9995241165161133 -0.0028318327385932207 -0.0026880591176450253 0.027917083352804184
0.0 0.0 0.0 0.677209198474884 -0.6299501657485962 0.33799245953559875 -0.016107141971588135
0.0 0.0 0.0 0.9583137631416321 0.17081956565380096 0.1365477442741394 -0.1655121147632599
0.0 0.0 0.0 0.9542902112007141 0.2088252454996109 0.20189079642295837 -0.0704452246427536
0.0 0.0 0.0 0.9995241165161133 0.0028287258464843035 -0.00423064548522234 0.0277255866676569
0.0 0.0 0.0 0.7496611475944519 -0.5678615570068359 -0.13867036998271942 0.19224879145622253
0.0 0.0 0.0 0.8880486488342285 0.1204834133386612 0.03225211799144745 0.44071143865585327
0.0 0.0 0.0 0.8783350586891174 0.1233724057674408 -0.4418931305408478 0.13430526852607727
0.0 0.0 0.0 0.9773505330085754 -0.22309139370918274 -0.007717824075371027 0.029209846630692482
0.0 0.0 0.0 0.9721968173980713 0.19455750286579132 0.008669455535709858 -0.005676504224538803
0.0 0.0 0.0 0.9950400590896606 0.06757911294698715 -0.007643353193998337 -9.07509820535779e-06
0.0 0.0 0.0 0.9820349216461182 -0.06818148493766785 -0.0013120819348841906 0.012227539904415607
0.0 0.0 0.0 0.9219778776168823 0.34945374727249146 -0.003978069871664047 -0.002273418242111802
0.0 0.0 0.0 0.9960037469863892 0.06134263426065445 -0.01774827390909195 0.0006128366803750396
0.13905127346515656 -0.22220151126384735 6.590064605127566e-11 0.9998477101325989 4.2943426592501055e-10 3.0860136668309224e-10 0.014276240020990372
0.0 0.0 0.0 0.9964886903762817 0.08737485110759735 0.00282826810143888 0.010826615616679192
0.0 0.0 0.0 0.9959371089935303 0.11837270855903625 0.03642278537154198 0.0014969371259212494
0.0 0.0 0.0 0.999701976776123 -0.007894636131823063 -1.2357370682281044e-10 -3.138851678574639e-10
0.0 0.0 0.0 0.9998113512992859 0.005362510681152344 1.4378534474168703e-10 -1.5141173870247826e-09
0.0 0.0 0.0 0.9997701048851013 -0.001817227341234684 -0.001845582271926105 0.01790200173854828
0.0 0.0 0.0 0.7008494734764099 -0.6310105323791504 0.27883610129356384 -0.072019062936306
0.0 0.0 0.0 0.9588492512702942 0.15754926204681396 0.14609770476818085 -0.16915184259414673
0.0 0.0 0.0 0.9542902112007141 0.2088252454996109 0.20189079642295837 -0.0704452246427536
0.0 0.0 0.0 0.9997701048851013 0.001815718482248485 -0.0025947834365069866 0.01780899614095688
0.0 0.0 0.0 0.7257664203643799 -0.6011037230491638 -0.23138877749443054 0.1198265552520752
0.0 0.0 0.0 0.8976888656616211 0.127407044172287 0.03756260499358177 0.4196769893169403
0.0 0.0 0.0 0.8783350586891174 0.1233724057674408 -0.4418931305408478 0.13430526852607727
0.0 0.0 0.0 0.9807512760162354 -0.2061152309179306 -0.009578722529113293 0.037489891052246094
0.0 0.0 0.0 0.9598154425621033 0.2580983638763428 0.007166482508182526 -0.0038684080354869366
0.0 0.0 0.0 0.9916841387748718 0.10732834786176682 -0.010278429836034775 -0.0013356924755498767
0.0 0.0 0.0 0.9734089970588684 -0.15645292401313782 -0.0005447298171930015 0.024197105318307877
0.0 0.0 0.0 0.9223892092704773 0.36111488938331604 -0.003567873267456889 -0.002271057106554508
0.0 0.0 0.0 0.99806147813797 0.029443051666021347 -0.02098379284143448 0.0014678924344480038
0.16609430313110352 -0.24825167655944824 6.590064605127566e-11 0.9998477101325989 4.2943426592501055e-10 3.0860136668309224e-10 0.016673607751727104
0.0 0.0 0.0 0.9962698221206665 0.09361574053764343 0.0030197445303201675 0.01215202547609806
0.0 0.0 0.0 0.9961288571357727 0.13406726717948914 0.016560710966587067 0.0007026117527857423
0.0 0.0 0.0 0.9996470808982849 -0.012135272845625877 -1.2357370682281044e-10 -3.138851678574639e-10
0.0 0.0 0.0 0.999941885471344 -0.0024802163243293762 1.4378534474168703e-10 -1.5141173870247826e-09
0.0 0.0 0.0 0.9999411702156067 -0.0008296456653624773 -0.0009163692011497915 0.00816524587571621
0.0 0.0 0.0 0.7216374278068542 -0.6317480802536011 0.22236040234565735 -0.1241966038942337
0.0 0.0 0.0 0.9590192437171936 0.14896869659423828 0.15438705682754517 -0.17484895884990692
0.0 0.0 0.0 0.9542902112007141 0.2088252454996109 0.20189079642295837 -0.0704452246427536
0.0 0.0 0.0 0.9999411702156067 0.0008292535785585642 -0.0011111847124993801 0.008141061291098595
0.0 0.0 0.0 0.7074652314186096 -0.6242277026176453 -0.30091971158981323 0.0652255117893219
0.0 0.0 0.0 0.9072526097297668 0.13170020282268524 0.04191262274980545 0.3975876271724701
0.0 0.0 0.0 0.8783350586891174 0.1233724057674408 -0.4418931305408478 0.13430526852607727
0.0 0.0 0.0 0.9836006164550781 -0.1848980337381363 -0.010776221752166748 0.04261903464794159
0.0 0.0 0.0 0.9512026906013489 0.30229875445365906 0.006120982579886913 -0.0026106564328074455
0.0 0.0 0.0 0.9882981181144714 0.14323394000530243 -0.01268757414072752 -0.0025463178753852844
0.0 0.0 0.0 0.9644051194190979 -0.2347460687160492 0.00042589788790792227 0.032016821205616
0.0 0.0 0.0 0.9249212145805359 0.3659091293811798 -0.003192339325323701 -0.0022507342509925365
0.0 0.0 0.0 0.9992959499359131 0.006072193384170532 -0.023200133815407753 0.002062687650322914
0.17500001192092896 -0.2572023570537567 2.384185648907078e-08 0.9998477697372437 -4.070203729611421e-09 -3.383228808218064e-09 0.017452405765652657
0.0 0.0 0.0 0.99619460105896 0.09576009213924408 0.0030839000828564167 0.012569365091621876
0.0 0.0 0.0 0.9961947202682495 0.13945984840393066 -7.399716950295954e-11 2.0701934388966947e-08
0.0 0.0 0.0 0.9995751976966858 -0.013592338189482689 -1.8556087777454877e-09 -1.4971733852675584e-09
0.0 0.0 0.0 0.9999867081642151 -0.005174938589334488 2.298859436145051e-10 -5.919079670846372e-10
0.0 0.0 0.0 1.0 0.0 0.0 0.0
0.0 0.0 0.0 0.7363371849060059 -0.632001519203186 0.17629045248031616 -0.16523809731006622
0.0 0.0 0.0 0.9590393304824829 0.1461433619260788 0.1601484715938568 -0.18231382966041565
0.0 0.0 0.0 0.9542902112007141 0.2088252454996109 0.20189079642295837 -0.0704452246427536
0.0 0.0 0.0 1.0 0.0 0.0 0.0
0.0 0.0 0.0 0.6982547044754028 -0.6321729421615601 -0.33356913924217224 0.03911781311035156
0.0 0.0 0.0 0.9155111908912659 0.1330764889717102 0.04454854875802994 0.37702250480651855
0.0 0.0 0.0 0.8783350586891174 0.1233724057674408 -0.4418931305408478 0.13430526852607727
0.0 0.0 0.0 0.9863817691802979 -0.15801146626472473 -0.011169352568686008 0.04426225274801254
0.0 0.0 0.0 0.9482433795928955 0.3174857795238495 0.005761754233390093 -0.002178499475121498
0.0 0.0 0.0 0.9853049516677856 0.17014265060424805 -0.01462966576218605 -0.003463042201474309
0.0 0.0 0.0 0.9560853838920593 -0.2910342812538147 0.0015194826992228627 0.034607939422130585
0.0 0.0 0.0 0.9304237961769104 0.3664661645889282 -0.0030587853398174047 -0.0022013026755303144
0.0 0.0 0.0 0.9996828436851501 -0.00671878457069397 -0.024172138422727585 0.00226705614477396
0.16603101789951324 -0.24820998311042786 2.384185648907078e-08 0.9998477697372437 -4.070203729611421e-09 -3.383228808218064e-09 0.0168545413762331
0.0 0.0 0.0 0.9962697625160217 0.09361596405506134 0.00301157683134079 0.012077833525836468
0.0 0.0 0.0 0.9961445331573486 0.1340598613023758 -0.016381099820137024 -0.0007511318544857204
0.0 0.0 0.0 0.9994590282440186 -0.009661182761192322 -1.8556087777454877e-09 -1.4971733852675584e-09
0.0 0.0 0.0 0.9999418258666992 -0.0024802153930068016 2.298859436145051e-10 -5.919079670846372e-10
0.0 0.0 0.0 0.9999412298202515 0.0008293126011267304 0.001103866845369339 -0.008142052218317986
0.0 0.0 0.0 0.7472063899040222 -0.6254169344902039 0.13214047253131866 -0.20239977538585663
0.0 0.0 0.0 0.9543923139572144 0.14620113372802734 0.16421125829219818 -0.20175018906593323
0.0 0.0 0.0 0.9542902112007141 0.2088252454996109 0.20189079642295837 -0.0704452246427536
0.0 0.0 0.0 0.9999412298202515 -0.0008296759915538132 0.0009237071499228477 -0.008164416067302227
0.0 0.0 0.0 0.694293737411499 -0.6317217946052551 -0.3454412519931793 0.029159361496567726
0.0 0.0 0.0 0.9239780306816101 0.13152219355106354 0.046095479279756546 0.3536863923072815
0.0 0.0 0.0 0.8783350586891174 0.1233724057674408 -0.4418931305408478 0.13430526852607727
0.0 0.0 0.0 0.9890592694282532 -0.12074042111635208 -0.010487601161003113 0.04393847659230232
0.0 0.0 0.0 0.9507754445075989 0.3015108108520508 0.00621759332716465 -0.0026105737779289484
0.0 0.0 0.0 0.9817155003547668 0.19241468608379364 -0.016417179256677628 -0.004254630766808987
0.0 0.0 0.0 0.9453853368759155 -0.33261966705322266 0.003303400008007884 0.034302812069654465
0.0 0.0 0.0 0.9394180774688721 0.34764036536216736 -0.003212876385077834 -0.0018700325163081288
0.0 0.0 0.0 0.9996817708015442 -0.013618619181215763 -0.024502048268914223 0.002114187693223357
0.1388038545846939 -0.22203859686851501 2.384185648907078e-08 0.9998477697372437 -4.070203729611421e-09 -3.383228808218064e-09 0.01498376578092575
0.0 0.0 0.0 0.9964886903762817 0.0873757004737854 0.0028010865207761526 0.010560726746916771
0.0 0.0 0.0 0.9959983825683594 0.11834374815225601 -0.035720422863960266 -0.0016867899103090167
0.0 0.0 0.0 0.9992752075195312 0.0017800536006689072 -1.8556087777454877e-09 -1.4971733852675584e-09
0.0 0.0 0.0 0.9998113512992859 0.005362506024539471 2.298859436145051e-10 -5.919079670846372e-10
0.0 0.0 0.0 0.9997701048851013 0.0018159240717068315 0.0025787733029574156 -0.017811300233006477
0.0 0.0 0.0 0.7568460702896118 -0.6062530279159546 0.08125269412994385 -0.24328552186489105
0.0 0.0 0.0 0.9408676028251648 0.14668919146060944 0.16753962635993958 -0.24228912591934204
0.0 0.0 0.0 0.9542902112007141 0.2088252454996109 0.20189079642295837 -0.0704452246427536
0.0 0.0 0.0 0.9997701048851013 -0.0018173698335886002 0.0018616699380800128 -0.017900319769978523
0.0 0.0 0.0 0.6912707090377808 -0.6303092241287231 -0.35450196266174316 0.02155916579067707
0.0 0.0 0.0 0.9341803789138794 0.12671098113059998 0.0472760833799839 0.3235324025154114
0.0 0.0 0.0 0.8783350586891174 0.1233724057674408 -0.4418931305408478 0.13430526852607727
0.0 0.0 0.0 0.9912662506103516 -0.07044404000043869 -0.008448103442788124 0.042721036821603775
0.0 0.0 0.0 0.9576618075370789 0.25965583324432373 0.007466526702046394 -0.0037343455478549004
0.0 0.0 0.0 0.9778146147727966 0.2099200189113617 -0.017912164330482483 -0.004914083052426577
0.0 0.0 0.0 0.9332841038703918 -0.3609006106853485 0.005550617352128029 0.03236336633563042
0.0 0.0 0.0 0.9525728225708008 0.2928497791290283 -0.0036613428965210915 -0.0010262994328513741
0.0 0.0 0.0 0.9996729493141174 -0.018884507939219475 -0.024753833189606667 0.0016692792996764183
0.09672495722770691 -0.1844155192375183 2.384185648907078e-08 0.9998477697372437 -4.070203729611421e-09 -3.383228808218064e-09 0.011952556669712067
0.0 0.0 0.0 0.9968034029006958 0.07840490341186523 0.0024984937626868486 0.008153494447469711
0.0 0.0 0.0 0.9957882761955261 0.0957508310675621 -0.05547779053449631 -0.002676864620298147
0.0 0.0 0.0 0.9990548491477966 0.018227558583021164 -1.8556087777454877e-09 -1.4971733852675584e-09
0.0 0.0 0.0 0.9996236562728882 0.01663692109286785 2.298859436145051e-10 -5.919079670846372e-10
0.0 0.0 0.0 0.9995241165161133 0.002829135861247778 0.004205719102174044 -0.0277293398976326
0.0 0.0 0.0 0.7644599676132202 -0.5787036418914795 0.03012930043041706 -0.2829647660255432
0.0 0.0 0.0 0.9214249849319458 0.14822717010974884 0.16991250216960907 -0.2960161566734314
0.0 0.0 0.0 0.9542902112007141 0.2088252454996109 0.20189079642295837 -0.0704452246427536
0.0 0.0 0.0 0.9995241165161133 -0.0028321442659944296 0.002713145688176155 -0.0279146209359169
0.0 0.0 0.0 0.6893393993377686 -0.6280184388160706 -0.3602905869483948 0.016703613102436066
0.0 0.0 0.0 0.9448235034942627 0.11904260516166687 0.04803033545613289 0.2909044921398163
0.0 0.0 0.0 0.8783350586891174 0.1233724057674408 -0.4418931305408478 0.13430526852607727
0.0 0.0 0.0 0.9928533434867859 -0.01465526968240738 -0.005371537525206804 0.04025156423449516
0.0 0.0 0.0 0.9647189974784851 0.2200358808040619 0.008765424601733685 -0.004780419636517763
0.0 0.0 0.0 0.976307213306427 0.21558253467082977 -0.01841622032225132 -0.005135874263942242
0.0 0.0 0.0 0.9285305738449097 -0.36904746294021606 0.006469664629548788 0.0280925165861845
0.0 0.0 0.0 0.9677868485450745 0.21408477425575256 -0.004306042101234198 0.00015244295354932547
0.0 0.0 0.0 0.9996451139450073 -0.022248735651373863 -0.024914691224694252 0.001029695151373744
0.048948466777801514 -0.146792471408844 2.384185648907078e-08 0.9998477697372437 -4.070203729611421e-09 -3.383228808218064e-09 0.008258437737822533
0.0 0.0 0.0 0.9971179962158203 0.06943412870168686 0.002195900771766901 0.005307439714670181
0.0 0.0 0.0 0.9955782294273376 0.07315792143344879 -0.07193247228860855 -0.0035211897920817137
0.0 0.0 0.0 0.9988524317741394 0.03467506170272827 -1.8556087777454877e-09 -1.4971733852675584e-09
0.0 0.0 0.0 0.9994360208511353 0.027911333367228508 2.298859436145051e-10 -5.919079670846372e-10
0.0 0.0 0.0 0.9992781281471252 0.0036760233342647552 0.005630118772387505 -0.0360124371945858
0.0 0.0 0.0 0.7695103883743286 -0.551154375076294 -0.011948805302381516 -0.31480348110198975
0.0 0.0 0.0 0.9019823670387268 0.1513870656490326 0.1712951511144638 -0.34787502884864807
0.0 0.0 0.0 0.9542902112007141 0.2088252454996109 0.20189079642295837 -0.0704452246427536
0.0 0.0 0.0 0.9992781281471252 -0.003680597525089979 0.0033606067299842834 -0.03629416972398758
0.0 0.0 0.0 0.6883994936943054 -0.6252232789993286 -0.3631080389022827 0.014340309426188469
0.0 0.0 0.0 0.9539448022842407 0.109916090965271 0.04839744791388512 0.26267799735069275
0.0 0.0 0.0 0.8783350586891174 0.1233724057674408 -0.4418931305408478 0.13430526852607727
0.0 0.0 0.0 0.9937894344329834 0.03435274958610535 -0.0020144572481513023 0.036387212574481964
0.0 0.0 0.0 0.972395658493042 0.1826675832271576 0.01021153200417757 -0.005733533296734095
0.0 0.0 0.0 0.9782090187072754 0.20769309997558594 -0.017820285633206367 -0.004103375133126974
0.0 0.0 0.0 0.9349405765533447 -0.3499283194541931 0.006278383545577526 0.021335123106837273
0.0 0.0 0.0 0.981482982635498 0.1353197693824768 -0.004950741771608591 0.0013171529863029718
0.0 0.0 0.0 0.9995879530906677 -0.02388617768883705 -0.024992983788251877 0.0003901108866557479
0.0060608237981796265 -0.12062107026576996 2.384185648907078e-08 0.9998477697372437 -4.070203729611421e-09 -3.383228808218064e-09 0.00456557422876358
0.0 0.0 0.0 0.9973368644714355 0.06319385766983032 0.0019854106940329075 0.0025841714814305305
0.0 0.0 0.0 0.9954320788383484 0.05744178593158722 -0.08219397068023682 -0.004056236706674099
0.0 0.0 0.0 0.9987181425094604 0.04611629247665405 -1.8556087777454877e-09 -1.4971733852675584e-09
0.0 0.0 0.0 0.9993054866790771 0.03575405105948448 2.298859436145051e-10 -5.919079670846372e-10
0.0 0.0 0.0 0.9991070628166199 0.004205472767353058 0.006548306439071894 -0.04118785634636879
0.0 0.0 0.0 0.772104024887085 -0.5319904685020447 -0.0379745289683342 -0.33413857221603394
0.0 0.0 0.0 0.8884576559066772 0.15633311867713928 0.17190174758434296 -0.383279025554657
0.0 0.0 0.0 0.9542902112007141 0.2088252454996109 0.20189079642295837 -0.0704452246427536
0.0 0.0 0.0 0.9991070628166199 -0.004211137071251869 0.003737810766324401 -0.04153674840927124
0.0 0.0 0.0 0.6881011128425598 -0.6224242448806763 -0.3640021085739136 0.013590367510914803
0.0 0.0 0.0 0.9599640369415283 0.101096972823143 0.048513948917388916 0.24462194740772247
0.0 0.0 0.0 0.8783350586891174 0.1233724057674408 -0.4418931305408478 0.13430526852607727
0.0 0.0 0.0 0.9942070245742798 0.06601136922836304 0.0007960693910717964 0.031335752457380295
0.0 0.0 0.0 0.9806075096130371 0.14563073217868805 0.01177547499537468 -0.006658381316810846
0.0 0.0 0.0 0.9829910397529602 0.18512751162052155 -0.016073454171419144 -0.0018413537181913853
0.0 0.0 0.0 0.950566828250885 -0.30246537923812866 0.005869065411388874 0.012164141982793808
0.0 0.0 0.0 0.9904659390449524 0.08052918314933777 -0.005399208515882492 0.0021223165094852448
0.0 0.0 0.0 0.9994984269142151 -0.024405788630247116 -0.02501782961189747 -5.479739047586918e-05
-0.025471387431025505 -0.1116286963224411 -5.619385512467545e-11 0.9998477697372437 -2.6281821163820496e-10 -2.593725234589783e-10 0.0013424921780824661
0.0 0.0 0.0 0.9974120855331421 0.06104972958564758 0.0019130873261019588 0.0003548329696059227
0.0 0.0 0.0 0.9953818917274475 0.052041810005903244 -0.08549594134092331 -0.004230199381709099
0.0 0.0 0.0 0.9986732006072998 0.050047457218170166 2.4841320667157163e-10 -9.251814314659157e-10
0.0 0.0 0.0 0.999260663986206 0.03844878077507019 -3.8840979044163504e-11 -2.0128495224758236e-13
0.0 0.0 0.0 0.9990482330322266 0.004376117140054703 0.006850064266473055 -0.04285530373454094
0.0 0.0 0.0 0.7728213667869568 -0.5254058837890625 -0.046303823590278625 -0.34025073051452637
0.0 0.0 0.0 0.8838106393814087 0.16281387209892273 0.1720430552959442 -0.39531704783439636
0.0 0.0 0.0 0.9542902112007141 0.2088252454996109 0.20189079642295837 -0.0704452246427536
0.0 0.0 0.0 0.9990482330322266 -0.004382156301289797 0.0038535897620022297 -0.04322727769613266
0.0 0.0 0.0 0.6880658268928528 -0.6199755072593689 -0.3641079366207123 0.013501584529876709
0.0 0.0 0.0 0.9624040126800537 0.09376820176839828 0.048527736216783524 0.238716259598732
0.0 0.0 0.0 0.8783350586891174 0.1233724057674408 -0.4418931305408478 0.13430526852607727
0.0 0.0 0.0 0.9943063855171204 0.076429583132267 0.0025886986404657364 0.025488024577498436
0.0 0.0 0.0 0.9837590456008911 0.1319074034690857 0.01237852405756712 -0.006997495424002409
0.0 0.0 0.0 0.987088680267334 0.15971949696540833 -0.014023776166141033 -0.0006467073690146208
0.0 0.0 0.0 0.9628633856773376 -0.26315438747406006 0.005677784327417612 0.0034828712232410908
0.0 0.0 0.0 0.9934495687484741 0.06170336902141571 -0.005553299095481634 0.0023980154655873775
0.0 0.0 0.0 0.9993811845779419 -0.02446730062365532 -0.025020770728588104 -0.000207665900234133
-0.050768185406923294 -0.12062107026576996 -5.619385512467545e-11 0.9998477697372437 -2.6281821163820496e-10 -2.593725234589783e-10 -0.0020464484114199877
0.0 0.0 0.0 0.997348964214325 0.0628867819905281 0.001985817914828658 -0.0017174722161144018
0.0 0.0 0.0 0.9954409599304199 0.05667395889759064 -0.08020071685314178 -0.003973374608904123
0.0 0.0 0.0 0.9987544417381287 0.047276340425014496 2.4841320667157163e-10 -9.251814314659157e-10
0.0 0.0 0.0 0.9993053674697876 0.03575405851006508 -3.8840979044163504e-11 -2.0128495224758236e-13
0.0 0.0 0.0 0.9991070032119751 0.0041057956404984 0.006426922045648098 -0.04020804539322853
0.0 0.0 0.0 0.7678037881851196 -0.5328915119171143 -0.023808714002370834 -0.3229687511920929
0.0 0.0 0.0 0.8853567838668823 0.17313365638256073 0.16945485770702362 -0.3906397819519043
0.0 0.0 0.0 0.9542902112007141 0.2088252454996109 0.20189079642295837 -0.0704452246427536
0.0 0.0 0.0 0.9991070032119751 -0.00411146180704236 0.0036155458074063063 -0.04055704176425934
0.0 0.0 0.0 0.6911165714263916 -0.617987334728241 -0.3559424579143524 0.022979341447353363
0.0 0.0 0.0 0.9630180597305298 0.08701955527067184 0.04787418991327286 0.2398536205291748
0.0 0.0 0.0 0.8783350586891174 0.1233724057674408 -0.4418931305408478 0.13430526852607727
0.0 0.0 0.0 0.9919533133506775 0.053722694516181946 0.0037095698062330484 0.017422813922166824
0.0 0.0 0.0 0.9671199917793274 0.18943682312965393 0.011048396117985249 -0.005436052102595568
0.0 0.0 0.0 0.9900858402252197 0.1320820450782776 -0.011700286529958248 -0.00045530457282438874
0.0 0.0 0.0 0.9700713157653809 -0.23773659765720367 0.005885346792638302 -0.005088492762297392
0.0 0.0 0.0 0.9906644821166992 0.07747849076986313 -0.004713149741292 0.002149727661162615
0.0 0.0 0.0 0.9984351992607117 -0.012541674077510834 -0.023937126621603966 -0.00010893611033679917
-0.07550819963216782 -0.146792471408844 -5.619385512467545e-11 0.9998477697372437 -2.6281821163820496e-10 -2.593725234589783e-10 -0.006222019903361797
0.0 0.0 0.0 0.9971652626991272 0.06823332607746124 0.0021974933333694935 -0.004008488729596138
0.0 0.0 0.0 0.9956182241439819 0.07015535980463028 -0.06478951871395111 -0.0032256776466965675
0.0 0.0 0.0 0.9989910125732422 0.03919453173875809 2.4841320667157163e-10 -9.251814314659157e-10
0.0 0.0 0.0 0.9994354844093323 0.027911335229873657 -3.8840979044163504e-11 -2.0128495224758236e-13
0.0 0.0 0.0 0.9992781281471252 0.003319052280858159 0.005195409990847111 -0.03250347077846527
0.0 0.0 0.0 0.7532005906105042 -0.5546776056289673 0.04166101664304733 -0.27247604727745056
0.0 0.0 0.0 0.8899959325790405 0.18925276398658752 0.16169564425945282 -0.37659376859664917
0.0 0.0 0.0 0.9542902112007141 0.2088252454996109 0.20189079642295837 -0.0704452246427536
0.0 0.0 0.0 0.9992781281471252 -0.0033236327581107616 0.0029227430932223797 -0.03278559446334839
0.0 0.0 0.0 0.7002933621406555 -0.6163331270217896 -0.3315134048461914 0.05056339129805565
0.0 0.0 0.0 0.9634051322937012 0.07973532378673553 0.0459134541451931 0.2431638389825821
0.0 0.0 0.0 0.8783350586891174 0.1233724057674408 -0.4418931305408478 0.13430526852607727
0.0 0.0 0.0 0.9851047992706299 -0.012363400310277939 0.004565007984638214 0.005917605943977833
0.0 0.0 0.0 0.9315144419670105 0.3125426173210144 0.007673018611967564 -0.002094757743179798
0.0 0.0 0.0 0.9931924343109131 0.0964544489979744 -0.008656345307826996 -0.0003124051436316222
0.0 0.0 0.0 0.9760439991950989 -0.21497590839862823 0.006489435210824013 -0.014970336109399796
0.0 0.0 0.0 0.9825588464736938 0.12339039891958237 -0.0022679800167679787 0.001427111099474132
0.0 0.0 0.0 0.9959340691566467 0.022166645154356956 -0.02075914666056633 0.000178406888153404
-0.09719633311033249 -0.1844155192375183 -5.619385512467545e-11 0.9998477697372437 -2.6281821163820496e-10 -2.593725234589783e-10 -0.0106100644916296
0.0 0.0 0.0 0.9969010949134827 0.07591931521892548 0.0025017899461090565 -0.006297944579273462
0.0 0.0 0.0 0.9958871006965637 0.08953572809696198 -0.04263492673635483 -0.0021502028685063124
0.0 0.0 0.0 0.9993311166763306 0.02753264084458351 2.4841320667157163e-10 -9.251814314659157e-10
0.0 0.0 0.0 0.9996227025985718 0.01663692109286785 -3.8840979044163504e-11 -2.0128495224758236e-13
0.0 0.0 0.0 0.9995241165161133 0.0021880585700273514 0.0034250321332365274 -0.02142765186727047
0.0 0.0 0.0 0.7322076559066772 -0.5859965682029724 0.13577793538570404 -0.1993790566921234
0.0 0.0 0.0 0.8970287442207336 0.20847466588020325 0.14994895458221436 -0.35526883602142334
0.0 0.0 0.0 0.9542902112007141 0.2088252454996109 0.20189079642295837 -0.0704452246427536
0.0 0.0 0.0 0.9995241165161133 -0.0021910781506448984 0.0019267948810011148 -0.02161363884806633
0.0 0.0 0.0 0.7142646312713623 -0.6146723628044128 -0.2946585416793823 0.090217225253582
0.0 0.0 0.0 0.9635986089706421 0.0724138543009758 0.042941443622112274 0.24792246520519257
0.0 0.0 0.0 0.8783350586891174 0.1233724057674408 -0.4418931305408478 0.13430526852607727
0.0 0.0 0.0 0.9752596616744995 -0.10736639052629471 0.005111523438245058 -0.0072244275361299515
0.0 0.0 0.0 0.9148753881454468 0.37007203698158264 0.004712019581347704 -0.000533314305357635
0.0 0.0 0.0 0.9960638880729675 0.05795782804489136 -0.005336053669452667 -0.00022320987773127854
0.0 0.0 0.0 0.9804903864860535 -0.19579069316387177 0.0073578511364758015 -0.024899648502469063
0.0 0.0 0.0 0.9709064364433289 0.18939168751239777 0.0012471077498048544 0.0003883037716150284
0.0 0.0 0.0 0.9924099445343018 0.07206206768751144 -0.01612747833132744 0.0005914807552471757
-0.11318688839673996 -0.22203858196735382 -5.619385512467545e-11 0.9998477697372437 -2.6281821163820496e-10 -2.593725234589783e-10 -0.01433519832789898
0.0 0.0 0.0 0.9966370463371277 0.0836053267121315 0.0028060865588486195 -0.008274217136204243
0.0 0.0 0.0 0.9961831569671631 0.10891609638929367 -0.020480342209339142 -0.0010735408868640661
0.0 0.0 0.0 0.9996715784072876 0.01578584872186184 2.4841320667157163e-10 -9.251814314659157e-10
0.0 0.0 0.0 0.9998101592063904 0.005362512543797493 -3.8840979044163504e-11 -2.0128495224758236e-13
0.0 0.0 0.0 0.9997701048851013 0.0010570650920271873 0.0016546547412872314 -0.010351836681365967
0.0 0.0 0.0 0.7112146615982056 -0.6173154711723328 0.22989481687545776 -0.1252921223640442
0.0 0.0 0.0 0.9047669172286987 0.22607465088367462 0.13705362379550934 -0.33174702525138855
0.0 0.0 0.0 0.9542902112007141 0.2088252454996109 0.20189079642295837 -0.0704452246427536
0.0 0.0 0.0 0.9997701048851013 -0.0010585242416709661 0.0009308471344411373 -0.01044168695807457
0.0 0.0 0.0 0.7297462821006775 -0.6125243902206421 -0.2544362545013428 0.12987105548381805
0.0 0.0 0.0 0.9637020826339722 0.06577210128307343 0.03967209532856941 0.25268107652664185
0.0 0.0 0.0 0.8783350586891174 0.1233724057674408 -0.4418931305408478 0.13430526852607727
0.0 0.0 0.0 0.9654144644737244 -0.2023693323135376 0.005377524998039007 -0.018971575424075127
0.0 0.0 0.0 0.9179064035415649 0.3698243796825409 0.002362895291298628 -0.0006442433805204928
0.0 0.0 0.0 0.9982810020446777 0.024683788418769836 -0.002449147868901491 -0.00017943709099199623
0.0 0.0 0.0 0.9834427237510681 -0.18044017255306244 0.008226267993450165 -0.033073168247938156
0.0 0.0 0.0 0.9592540860176086 0.2553929090499878 0.0047621941193938255 -0.0006505034398287535
0.0 0.0 0.0 0.988915205001831 0.12195748090744019 -0.01137340534478426 0.0010045547969639301
-0.12226644158363342 -0.24820996820926666 -5.619385512467545e-11 0.9998477697372437 -2.6281821163820496e-10 -2.593725234589783e-10 -0.01668868586421013
0.0 0.0 0.0 0.9964533448219299 0.08895187079906464 0.003017761977389455 -0.009704409167170525
0.0 0.0 0.0 0.9964352250099182 0.1223975196480751 -0.005069121718406677 -0.0003225780092179775
0.0 0.0 0.0 0.9999086260795593 0.007470667362213135 2.4841320667157163e-10 -9.251814314659157e-10
0.0 0.0 0.0 0.9999409317970276 -0.0024802125990390778 -3.8840979044163504e-11 -2.0128495224758236e-13
0.0 0.0 0.0 0.9999411702156067 0.0002703210338950157 0.0004231417551636696 -0.00264725461602211
0.0 0.0 0.0 0.6966114044189453 -0.6391015648841858 0.2953646183013916 -0.07207831740379333
0.0 0.0 0.0 0.9113450050354004 0.2377358078956604 0.12613724172115326 -0.31166261434555054
0.0 0.0 0.0 0.9542902112007141 0.2088252454996109 0.20189079642295837 -0.0704452246427536
0.0 0.0 0.0 0.9999411702156067 -0.0002706940285861492 0.00023804325610399246 -0.002670232206583023
0.0 0.0 0.0 0.7430750131607056 -0.609531044960022 -0.22075127065181732 0.15745513141155243
0.0 0.0 0.0 0.9638414978981018 0.060356128960847855 0.03689408302307129 0.25599128007888794
0.0 0.0 0.0 0.8783350586891174 0.1233724057674408 -0.4418931305408478 0.13430526852607727
0.0 0.0 0.0 0.9585659503936768 -0.268455445766449 0.005461934022605419 -0.026642777025699615
0.0 0.0 0.0 0.9251246452331543 0.3686738908290863 0.00029685127083212137 -0.0008816177141852677
0.0 0.0 0.0 0.9995885491371155 0.0034110993146896362 -0.0005964171141386032 -0.00016138723003678024
0.0 0.0 0.0 0.9853086471557617 -0.16821961104869843 0.00883035734295845 -0.03812900930643082
0.0 0.0 0.0 0.9511483907699585 0.3013049066066742 0.007207365706562996 -0.0013731205835938454
0.0 0.0 0.0 0.9864947199821472 0.1566658318042755 -0.00785897858440876 0.0012918978463858366
