36 19
0.0 -0.08805957436561584 0.0 1.0 0.0 0.0 -0.010999999940395355
0.0 0.0 0.0 1.0 0.0 0.0 0.023000000044703484
0.0 0.0 0.0 0.9999914169311523 0.006000000983476639 -4.5666969526791945e-05 -0.00800000037997961
0.0 0.0 0.0 1.0 0.0 0.0 -0.004000000189989805
0.0 0.0 0.0 1.0 0.0 0.0 0.0
0.0 0.0 0.0 1.0 0.0 0.0 0.03399999812245369
0.0 0.0 0.0 0.67948979139328 -0.5706455111503601 0.3537200689315796 -0.2958710491657257
0.0 0.0 0.0 0.9293200969696045 0.12028809636831284 0.33802318572998047 -0.08738358318805695
0.0 0.0 0.0 0.9990482330322266 0.04233844578266144 9.32209864856759e-09 -0.04361937940120697
0.0 0.0 0.0 1.0 0.0 0.0 0.034000009298324585
0.0 0.0 0.0 0.6982354521751404 -0.5380746722221375 -0.29744982719421387 0.33888405561447144
0.0 0.0 0.0 0.9290981888771057 0.1203940138220787 -0.3386228680610657 0.08727293461561203
0.0 0.0 0.0 0.9990482330322266 7.457678030675652e-09 -2.3305244400972924e-09 0.04361937940120697
0.0 0.0 0.0 0.9894738793373108 -0.1105717122554779 0.003016300033777952 -0.004502833820879459
0.0 0.0 0.0 0.8996332287788391 0.41998615860939026 -0.001772391377016902 -0.0013134514447301626
0.0 0.0 0.0 0.9977219104766846 0.055425457656383514 0.0060912384651601315 -0.0002092767390422523
0.0 0.0 0.0 0.99800705909729 -0.06345493346452713 0.0032383434008806944 -0.00812842883169651
0.0 0.0 0.0 0.9853605031967163 0.170480415225029 -0.0006296282517723739 -0.0008958156686276197
0.0 0.0 0.0 0.9941343665122986 0.10752835124731064 0.011601291596889496 -9.109804523177445e-06
0.0 -0.0904192179441452 0.0 0.9999963045120239 0.0 0.0 -0.010495614260435104
0.0 0.0 0.0 0.9999873638153076 0.0 -1.628165591682773e-06 0.02197602018713951
0.0 0.0 0.0 1.0001899003982544 0.0046329437755048275 1.1458726476121228e-05 -0.007638757117092609
0.0 0.0 0.0 0.9999995827674866 0.0 1.2613366379810032e-05 -0.003804979380220175
0.0 0.0 0.0 1.0 0.0 0.0 0.0
0.0 0.0 0.0 0.9998683333396912 0.0 0.0 0.036276716738939285
0.0 0.0 0.0 0.6653314828872681 -0.578360915184021 0.3728325664997101 -0.2782481908798218
0.0 0.0 0.0 0.9293200969696045 0.12028809636831284 0.33802318572998047 -0.07575523108243942
0.0 0.0 0.0 0.9990482330322266 0.03281146660447121 9.32209864856759e-09 -0.04361937940120697
0.0 0.0 0.0 0.9998683333396912 0.0 0.0 0.03627672418951988
0.0 0.0 0.0 0.7088997960090637 -0.5325108170509338 -0.2785687744617462 0.3572029173374176
0.0 0.0 0.0 0.9290981888771057 0.1203940138220787 -0.3386228680610657 0.09070108830928802
0.0 0.0 0.0 0.9990482330322266 0.008819307200610638 -2.3305244400972924e-09 0.04361937940120697
0.0 0.0 0.0 0.9862854480743408 -0.14044807851314545 0.00229291501455009 -0.003274015849456191
0.0 0.0 0.0 0.9130633473396301 0.41054806113243103 -0.0018425974994897842 -0.0010987051064148545
0.0 0.0 0.0 0.9980595111846924 0.047985851764678955 0.005293043330311775 -0.00022252248891163617
0.0 0.0 0.0 0.9974395036697388 -0.03094112128019333 0.0027597197331488132 -0.007956936955451965
0.0 0.0 0.0 0.9856235384941101 0.16198964416980743 -0.0006371778436005116 -0.0008777447510510683
0.0 0.0 0.0 0.9921297430992126 0.12345625460147858 0.013366971164941788 -1.1746819836844224e-05
0.0 -0.09749890118837357 0.0 0.9999853372573853 0.0 0.0 -0.008972958661615849
0.0 0.0 0.0 0.9999489188194275 0.0 -6.543320068885805e-06 0.018884794786572456
0.0 0.0 0.0 1.0006147623062134 0.0017076104413717985 0.00015196550521068275 -0.006471508182585239
0.0 0.0 0.0 0.9999983310699463 0.0 5.069097096566111e-05 -0.003216245211660862
0.0 0.0 0.0 1.0 0.0 0.0 0.0
0.0 0.0 0.0 0.9995241165161133 0.0 0.0 0.0396718792617321
0.0 0.0 0.0 0.6550198197364807 -0.5849167108535767 0.3883644640445709 -0.2633979022502899
0.0 0.0 0.0 0.9293200969696045 0.12028809636831284 0.33802318572998047 -0.0641515702009201
0.0 0.0 0.0 0.9990482330322266 0.021742960438132286 9.32209864856759e-09 -0.04361937940120697
0.0 0.0 0.0 0.9995241165161133 0.0 0.0 0.0396718792617321
0.0 0.0 0.0 0.7188597321510315 -0.5242030620574951 -0.25909629464149475 0.3750609755516052
0.0 0.0 0.0 0.9290981888771057 0.1203940138220787 -0.3386228680610657 0.09642592072486877
0.0 0.0 0.0 0.9990482330322266 0.01852487213909626 -2.3305244400972924e-09 0.04361937940120697
0.0 0.0 0.0 0.9827028512954712 -0.1674991101026535 0.0013039279729127884 -0.0007721283473074436
0.0 0.0 0.0 0.9347712993621826 0.38746118545532227 -0.0018876864342018962 -0.000704498088452965
0.0 0.0 0.0 0.9985007643699646 0.034892357885837555 0.0038953342009335756 -0.00023153662914410233
0.0 0.0 0.0 0.9961205720901489 0.004953898023813963 0.001366734504699707 -0.007346977014094591
0.0 0.0 0.0 0.9867004752159119 0.14652365446090698 -0.0006429078057408333 -0.0008261217153631151
0.0 0.0 0.0 0.9887024164199829 0.14649513363838196 0.01592344604432583 -1.5457328117918223e-05
0.0 -0.10886652022600174 0.0 0.999967098236084 0.0 0.0 -0.006462210789322853
0.0 0.0 0.0 0.9998850226402283 0.0 -1.4648052456323057e-05 0.013787590898573399
0.0 0.0 0.0 1.000813364982605 0.0003405520401429385 0.00026539337704889476 -0.004895029589533806
0.0 0.0 0.0 0.9999962449073792 0.0 0.00011347817780915648 -0.002245465060696006
0.0 0.0 0.0 1.0 0.0 0.0 0.0
0.0 0.0 0.0 0.9991798996925354 0.0 0.0 0.042577773332595825
0.0 0.0 0.0 0.6489665508270264 -0.5897902250289917 0.39967283606529236 -0.2527589797973633
0.0 0.0 0.0 0.9297150373458862 0.11604444682598114 0.3386373817920685 -0.05312994122505188
0.0 0.0 0.0 0.9990482330322266 0.009836962446570396 9.32209864856759e-09 -0.04361937940120697
0.0 0.0 0.0 0.9991798996925354 0.0 0.0 0.04257778078317642
0.0 0.0 0.0 0.7271254062652588 -0.5144985318183899 -0.2410229742527008 0.39119550585746765
0.0 0.0 0.0 0.9290981888771057 0.1203940138220787 -0.3386228680610657 0.10424235463142395
0.0 0.0 0.0 0.9990482330322266 0.028664804995059967 -2.3305244400972924e-09 0.04361937940120697
0.0 0.0 0.0 0.9802658557891846 -0.18857713043689728 0.00024580935132689774 0.0015135862631723285
0.0 0.0 0.0 0.9495644569396973 0.34584978222846985 -0.0018042471492663026 -0.000355465745087713
0.0 0.0 0.0 0.9986619353294373 0.025861842557787895 0.0029122252017259598 -0.00022495718440040946
0.0 0.0 0.0 0.9943189024925232 0.043160125613212585 -0.000635770964436233 -0.006180300377309322
0.0 0.0 0.0 0.9885478019714355 0.12259090691804886 -0.0006447149789892137 -0.0007681213319301605
0.0 0.0 0.0 0.9858362674713135 0.1650770753622055 0.017984114587306976 -1.7029946320690215e-05
0.0 -0.12332765012979507 0.0 0.9999424815177917 0.0 0.0 -0.0030734615866094828
0.0 0.0 0.0 0.9997977018356323 0.0 -2.5586987248971127e-05 0.006907908711582422
0.0 0.0 0.0 1.0007621049880981 0.0015259974170476198 0.00033847452141344547 -0.0030210416298359632
0.0 0.0 0.0 0.9999933242797852 0.0 0.00019822186732199043 -0.0009352060733363032
0.0 0.0 0.0 0.9999935030937195 -0.0005975916283205152 0.0 0.0
0.0 0.0 0.0 0.9990482330322266 0.0 5.593258745051344e-09 0.04361938312649727
0.0 0.0 0.0 0.6465142369270325 -0.5927470922470093 0.406779408454895 -0.247030571103096
0.0 0.0 0.0 0.930864691734314 0.10369375348091125 0.34042486548423767 -0.04341420531272888
0.0 0.0 0.0 0.9990482330322266 -0.0021572266705334187 9.32209864856759e-09 -0.04361937940120697
0.0 0.0 0.0 0.9990482330322266 -4.445123028072161e-16 2.2225615140360807e-16 0.04361938685178757
0.0 0.0 0.0 0.7323940992355347 -0.505713164806366 -0.22716711461544037 0.40217429399490356
0.0 0.0 0.0 0.9290981292724609 0.1203940138220787 -0.3386228680610657 0.11363804340362549
0.0 0.0 0.0 0.9990482330322266 0.038822539150714874 -2.3305244400972924e-09 0.04361937940120697
0.0 0.0 0.0 0.9779626727104187 -0.20562753081321716 -0.0010493285953998566 0.004013755824416876
0.0 0.0 0.0 0.9649791121482849 0.27118435502052307 -0.0015614053700119257 6.114577990956604e-05
0.0 0.0 0.0 0.9987850189208984 0.017654122784733772 0.002002402674406767 -0.00020444281108211726
0.0 0.0 0.0 0.9925559759140015 0.0790899321436882 -0.002638275735080242 -0.004451614338904619
0.0 0.0 0.0 0.9918588995933533 0.09973195940256119 -0.0005550116766244173 -0.0006961110047996044
0.0 0.0 0.0 0.9836491942405701 0.1785808652639389 0.01947837695479393 -4.6521754484274425e-06
0.0 -0.13892966508865356 0.0 0.9999130964279175 0.0 0.0 0.0009845555759966373
0.0 0.0 0.0 0.9996916055679321 0.0 -3.86863321182318e-05 -0.0013304930180311203
0.0 0.0 0.0 1.0006085634231567 0.005082701798528433 0.00040916784200817347 -0.0006053159013390541
0.0 0.0 0.0 0.9999896883964539 0.0 0.00029970225295983255 0.0006338260136544704
0.0 0.0 0.0 0.9999739527702332 -0.0023905520793050528 0.0 0.0
0.0 0.0 0.0 0.9990482330322266 0.0 5.593258745051344e-09 0.043025385588407516
0.0 0.0 0.0 0.6460999846458435 -0.5940937399864197 0.4103545546531677 -0.24502645432949066
0.0 0.0 0.0 0.9325172901153564 0.08593884110450745 0.3429945111274719 -0.03568648174405098
0.0 0.0 0.0 0.9989746809005737 -0.013515366241335869 0.0002452594635542482 -0.043956998735666275
0.0 0.0 0.0 0.9990482330322266 -4.445123028072161e-16 2.2225615140360807e-16 0.043025389313697815
0.0 0.0 0.0 0.7345788478851318 -0.49993154406547546 -0.21925023198127747 0.40562185645103455
0.0 0.0 0.0 0.92757248878479 0.12720772624015808 -0.3377445936203003 0.12377098947763443
0.0 0.0 0.0 0.9990482330322266 0.048625364899635315 -2.3305244400972924e-09 0.04361937940120697
0.0 0.0 0.0 0.976011335849762 -0.2174755036830902 -0.0024046101607382298 0.006658873986452818
0.0 0.0 0.0 0.9792922735214233 0.17704299092292786 -0.001212304807268083 0.0004899459891021252
0.0 0.0 0.0 0.9988635778427124 0.009825131855905056 0.0011311396956443787 -0.00017138186376541853
0.0 0.0 0.0 0.99134361743927 0.1070331409573555 -0.004031261429190636 -0.0022968968842178583
0.0 0.0 0.0 0.9960679411888123 0.07884860038757324 -0.00036305782850831747 -0.0006145084626041353
0.0 0.0 0.0 0.9819231629371643 0.18816278874874115 0.02053615264594555 2.183471224270761e-05
0.0 -0.1533907949924469 0.0 0.9998810291290283 0.0 0.0 0.005407441407442093
0.0 0.0 0.0 0.9995737075805664 0.0 -5.2963474445277825e-05 -0.010309627279639244
0.0 0.0 0.0 1.0003619194030762 0.0107935955747962 0.00047507043927907944 0.0022459733299911022
0.0 0.0 0.0 0.9999854564666748 0.0 0.00041030696593225 0.002343933330848813
0.0 0.0 0.0 0.9999424815177917 -0.005269454792141914 0.0 0.0
0.0 0.0 0.0 0.9990482330322266 0.0 5.593258745051344e-09 0.04122958332300186
0.0 0.0 0.0 0.6462017297744751 -0.594420313835144 0.4113425016403198 -0.2447151243686676
0.0 0.0 0.0 0.9341698884963989 0.06818394362926483 0.3455641567707062 -0.03032715991139412
0.0 0.0 0.0 0.9987605214118958 -0.02360023744404316 0.0009590351255610585 -0.04493959993124008
0.0 0.0 0.0 0.9990482330322266 -4.445123028072161e-16 2.2225615140360807e-16 0.04122958704829216
0.0 0.0 0.0 0.7350195646286011 -0.49800726771354675 -0.2169017493724823 0.40588513016700745
0.0 0.0 0.0 0.9231323599815369 0.1470383107662201 -0.33518844842910767 0.13358868658542633
0.0 0.0 0.0 0.9990482330322266 0.05774913728237152 -2.3305244400972924e-09 0.04361937940120697
0.0 0.0 0.0 0.9746181964874268 -0.22305482625961304 -0.003551912261173129 0.009308220818638802
0.0 0.0 0.0 0.990384042263031 0.08832134306430817 -0.0008632043609395623 0.0008489058818668127
0.0 0.0 0.0 0.9989018440246582 0.0019872470293194056 0.0002379989018663764 -0.00013139762450009584
0.0 0.0 0.0 0.9909296631813049 0.12629462778568268 -0.0045098853297531605 0.00010024290531873703
0.0 0.0 0.0 0.9977948069572449 0.06637324392795563 -0.00027335452614352107 -0.0005824276595376432
0.0 0.0 0.0 0.9813632369041443 0.1910277158021927 0.02085178717970848 3.4212484024465084e-05
0.0 -0.16475841403007507 0.0 0.9998489618301392 0.0 0.0 0.00983032863587141
0.0 0.0 0.0 0.9994524717330933 0.0 -6.724061677232385e-05 -0.019288765266537666
0.0 0.0 0.0 1.0000481605529785 0.01805860921740532 0.0005333065637387335 0.005320622120052576
0.0 0.0 0.0 0.9999809861183167 0.0 0.000520911708008498 0.004054040648043156
0.0 0.0 0.0 0.999902606010437 -0.008931801654398441 0.0 0.0
0.0 0.0 0.0 0.9990482330322266 0.0 5.593258745051344e-09 0.03823046758770943
0.0 0.0 0.0 0.6468431949615479 -0.5937342047691345 0.4098854959011078 -0.24584922194480896
0.0 0.0 0.0 0.9353194832801819 0.05583324283361435 0.34735164046287537 -0.027326587587594986
0.0 0.0 0.0 0.9984525442123413 -0.03190207481384277 0.001985133159905672 -0.04635215550661087
0.0 0.0 0.0 0.9990482330322266 -4.445123028072161e-16 2.2225615140360807e-16 0.038230475038290024
0.0 0.0 0.0 0.7344158291816711 -0.49866488575935364 -0.21822375059127808 0.4047854542732239
0.0 0.0 0.0 0.9167492985725403 0.1755460649728775 -0.3315138518810272 0.1420704424381256
0.0 0.0 0.0 0.9988482594490051 0.06591960787773132 -0.0002923331339843571 0.042811475694179535
0.0 0.0 0.0 0.973849356174469 -0.22102779150009155 -0.004275394603610039 0.011820019222795963
0.0 0.0 0.0 0.9969441890716553 0.028545379638671875 -0.0006203623488545418 0.0010735532268881798
0.0 0.0 0.0 0.9989140033721924 -0.006488808896392584 -0.0007319571450352669 -9.185367525788024e-05
0.0 0.0 0.0 0.9909301400184631 0.13864709436893463 -0.00450952909886837 0.00294396816752851
0.0 0.0 0.0 0.9951598644256592 0.06841762363910675 -0.00029223301680758595 -0.0006051929667592049
0.0 0.0 0.0 0.9819839000701904 0.1868716925382614 0.020393289625644684 3.415368701098487e-05
0.0 -0.17183807492256165 0.0 0.9998195171356201 0.0 0.0 0.013888342306017876
0.0 0.0 0.0 0.9993367791175842 0.0 -8.03399525466375e-05 -0.027527153491973877
0.0 0.0 0.0 0.9997096657752991 0.025896787643432617 0.000581192085519433 0.00831526517868042
0.0 0.0 0.0 0.9999765157699585 0.0 0.0006223919917829335 0.005623071454465389
0.0 0.0 0.0 0.9998594522476196 -0.012883085757493973 0.0 0.0
0.0 0.0 0.0 0.9990482330322266 0.0 5.593258745051344e-09 0.03405945375561714
0.0 0.0 0.0 0.6487825512886047 -0.5916598439216614 0.40548062324523926 -0.24927788972854614
0.0 0.0 0.0 0.9357144832611084 0.051589593291282654 0.3479658365249634 -0.026407942175865173
0.0 0.0 0.0 0.9981446862220764 -0.03805315122008324 0.00301123084500432 -0.04776470363140106
0.0 0.0 0.0 0.9990482330322266 -4.445123028072161e-16 2.2225615140360807e-16 0.03405945375561714
0.0 0.0 0.0 0.7325906753540039 -0.5006530284881592 -0.2222205102443695 0.4014609158039093
0.0 0.0 0.0 0.9103662967681885 0.20405378937721252 -0.3278392255306244 0.14845679700374603
0.0 0.0 0.0 0.9982661008834839 0.07291106879711151 -0.0011431322200223804 0.04046015813946724
0.0 0.0 0.0 0.9736230373382568 -0.20951221883296967 -0.004509884864091873 0.014122485183179379
0.0 0.0 0.0 0.9989798069000244 0.00837208703160286 -0.0005369231221266091 0.0011460077948868275
0.0 0.0 0.0 0.998915433883667 -0.019363194704055786 -0.0018017049878835678 -5.7856886996887624e-05
0.0 0.0 0.0 0.9909340739250183 0.14380671083927155 -0.004506397061049938 0.006541064009070396
0.0 0.0 0.0 0.9872296452522278 0.07954135537147522 -0.00035048165591433644 -0.0006737069925293326
0.0 0.0 0.0 0.9837719202041626 0.17461402714252472 0.019042864441871643 3.363641008036211e-05
0.0 -0.1741977334022522 0.0 0.9997949600219727 0.0 0.0 0.01727709360420704
0.0 0.0 0.0 0.9992342591285706 0.0 -9.127889643423259e-05 -0.03440684452652931
0.0 0.0 0.0 0.9993958473205566 0.03316180408000946 0.000617109180893749 0.010908175259828568
0.0 0.0 0.0 0.9999722242355347 0.0 0.0007071358268149197 0.006933331489562988
0.0 0.0 0.0 0.9998195171356201 -0.016545433551073074 0.0 0.0
0.0 0.0 0.0 0.9990482330322266 0.0 5.593258745051344e-09 0.028790205717086792
0.0 0.0 0.0 0.6520213484764099 -0.5881955027580261 0.39812415838241577 -0.25500398874282837
0.0 0.0 0.0 0.9357129335403442 0.05166202411055565 0.3479386270046234 -0.027112970128655434
0.0 0.0 0.0 0.9979305863380432 -0.04182080924510956 0.003725007176399231 -0.04874730482697487
0.0 0.0 0.0 0.9990482330322266 -4.445123028072161e-16 2.2225615140360807e-16 0.02879020944237709
0.0 0.0 0.0 0.7295424342155457 -0.5039733052253723 -0.228895366191864 0.3959086835384369
0.0 0.0 0.0 0.9059261083602905 0.22388440370559692 -0.32528308033943176 0.15234103798866272
0.0 0.0 0.0 0.9974292516708374 0.07854311168193817 -0.002366210101172328 0.03707998991012573
0.0 0.0 0.0 0.9751232862472534 -0.19146181643009186 -0.004504654556512833 0.016584321856498718
0.0 0.0 0.0 0.998267650604248 0.00944223627448082 -0.000573665602132678 0.0010894141159951687
0.0 0.0 0.0 0.9985644817352295 -0.0449146069586277 -0.00323508121073246 -2.0731617041747086e-05
0.0 0.0 0.0 0.9909455180168152 0.1404900997877121 -0.004497326444834471 0.010524226352572441
0.0 0.0 0.0 0.9743356108665466 0.10175631940364838 -0.0004485409299377352 -0.0007851070258766413
0.0 0.0 0.0 0.9860036373138428 0.15861524641513824 0.017284704372286797 3.2138428650796413e-05
0.0 -0.17183807492256165 0.0 0.9997767210006714 0.0 0.0 0.019787844270467758
0.0 0.0 0.0 0.9991502165794373 0.0 -9.93836292764172e-05 -0.0395040437579155
0.0 0.0 0.0 0.9991492629051208 0.038872700184583664 0.000640973390545696 0.01285210344940424
0.0 0.0 0.0 0.9999683499336243 0.0 0.0007699229754507542 0.0079041114076972
0.0 0.0 0.0 0.9997881054878235 -0.01942433789372444 0.0 0.0
0.0 0.0 0.0 0.9990482330322266 0.0 5.593258745051344e-09 0.022546585649251938
0.0 0.0 0.0 0.656525731086731 -0.5833775401115417 0.3878931701183319 -0.2629675567150116
0.0 0.0 0.0 0.9357008934020996 0.05195342004299164 0.347847580909729 -0.02924402803182602
0.0 0.0 0.0 0.9978569746017456 -0.04308714717626572 0.003970257006585598 -0.049084924161434174
0.0 0.0 0.0 0.9990482330322266 -4.445123028072161e-16 2.2225615140360807e-16 0.022546587511897087
0.0 0.0 0.0 0.7253031134605408 -0.5085909962654114 -0.23817838728427887 0.38818690180778503
0.0 0.0 0.0 0.9044005274772644 0.2306980937719345 -0.3244048058986664 0.1536215990781784
0.0 0.0 0.0 0.9965925216674805 0.0826762318611145 -0.0035892874002456665 0.033699821680784225
0.0 0.0 0.0 0.9793727397918701 -0.17341704666614532 -0.004458642099052668 0.01921137422323227
0.0 0.0 0.0 0.996228039264679 0.01824057847261429 -0.0006697740172967315 0.0009168752003461123
0.0 0.0 0.0 0.9975340366363525 -0.06052829325199127 -0.005037322640419006 2.3553297069156542e-05
0.0 0.0 0.0 0.9909648299217224 0.12574562430381775 -0.004481979180127382 0.014342551119625568
0.0 0.0 0.0 0.9574707746505737 0.1370001882314682 -0.0005828898283652961 -0.0009308129083365202
0.0 0.0 0.0 0.9877446889877319 0.1450149118900299 0.015796907246112823 2.9603892471641302e-05
0.0 -0.16475841403007507 0.0 0.9997656941413879 0.0 0.0 0.02131049707531929
0.0 0.0 0.0 0.9990878105163574 0.0 -0.00010429877147544175 -0.0425952672958374
0.0 0.0 0.0 0.9989956617355347 0.042429402470588684 0.0006539669120684266 0.014022426679730415
0.0 0.0 0.0 0.9999648928642273 0.0 0.0008080006809905171 0.008492846041917801
0.0 0.0 0.0 0.9997685551643372 -0.02121729776263237 0.0 0.0
0.0 0.0 0.0 0.9990482330322266 0.0 5.593258745051344e-09 0.015506720170378685
0.0 0.0 0.0 0.6622161269187927 -0.577290952205658 0.37496837973594666 -0.2730279266834259
0.0 0.0 0.0 0.9356649518013 0.05259614437818527 0.34767720103263855 -0.03280739113688469
0.0 0.0 0.0 0.9978703856468201 -0.04237610101699829 0.003925481345504522 -0.04908357933163643
0.0 0.0 0.0 0.9990482330322266 -4.445123028072161e-16 2.2225615140360807e-16 0.015506722964346409
0.0 0.0 0.0 0.7199475765228271 -0.5144245624542236 -0.24990566074848175 0.3784319758415222
0.0 0.0 0.0 0.9047991037368774 0.22919520735740662 -0.32459303736686707 0.152523472905159
0.0 0.0 0.0 0.996010422706604 0.08520679920911789 -0.0044400873593986034 0.03134850040078163
0.0 0.0 0.0 0.9844993948936462 -0.15952922403812408 -0.004325393587350845 0.021109838038682938
0.0 0.0 0.0 0.9937119483947754 0.04324197769165039 -0.0007658824324607849 0.0006782199488952756
0.0 0.0 0.0 0.9962002038955688 -0.0675547868013382 -0.006467458792030811 5.774297096650116e-05
0.0 0.0 0.0 0.9953700304031372 0.10372603684663773 -0.0034237555228173733 0.019099703058600426
0.0 0.0 0.0 0.9383656978607178 0.18576523661613464 -0.0007449903641827404 -0.0010958738857880235
0.0 0.0 0.0 0.9891197085380554 0.13370846211910248 0.01456495188176632 2.1270359866321087e-05
0.0 -0.1533907949924469 0.0 0.9997620582580566 -5.172701378342026e-09 -4.231290429146384e-09 0.02181488461792469
0.0 0.0 0.0 0.9990482330322266 1.0662150273788029e-08 -0.00010592694889055565 -0.04361925646662712
0.0 0.0 0.0 0.9989444613456726 0.04361484944820404 0.0006578796892426908 0.01440347358584404
0.0 0.0 0.0 0.9999620914459229 -3.72710928786546e-09 0.0008206139318645 0.008687866851687431
0.0 0.0 0.0 0.9997620582580566 -0.02181488834321499 1.3463727355222943e-10 -5.822151788459351e-11
0.0 0.0 0.0 0.9990482330322266 0.0 5.593258745051344e-09 0.007900686003267765
0.0 0.0 0.0 0.6689587831497192 -0.5700789093971252 0.3596535325050354 -0.2849486768245697
0.0 0.0 0.0 0.9355883598327637 0.053749583661556244 0.3474106788635254 -0.037779469043016434
0.0 0.0 0.0 0.9979110360145569 -0.04022684693336487 0.0037901559844613075 -0.049073297530412674
0.0 0.0 0.0 0.9990482330322266 -4.445123028072161e-16 2.2225615140360807e-16 0.007900687865912914
0.0 0.0 0.0 0.7136017084121704 -0.5213368535041809 -0.2638015151023865 0.36687320470809937
0.0 0.0 0.0 0.9060222506523132 0.22452229261398315 -0.3251797556877136 0.14920347929000854
0.0 0.0 0.0 0.9958103895187378 0.08606202900409698 -0.0047324178740382195 0.030540600419044495
0.0 0.0 0.0 0.988214373588562 -0.15197183191776276 -0.004099941812455654 0.021732384338974953
0.0 0.0 0.0 0.9917965531349182 0.08525296300649643 -0.0008026249124668539 0.00045471888734027743
0.0 0.0 0.0 0.9950835108757019 -0.06693074852228165 -0.006961478851735592 6.938332080608234e-05
0.0 0.0 0.0 0.9997620582580566 0.08210951834917068 -0.0016829018713906407 0.021732384338974953
0.0 0.0 0.0 0.919260561466217 0.24435141682624817 -0.0009220100473612547 -0.0012609348632395267
0.0 0.0 0.0 0.9905586242675781 0.1223204955458641 0.013325008563697338 2.1597350041702157e-06
0.0 -0.13892966508865356 0.0 0.9997620582580566 -5.172701378342026e-09 -4.231290429146384e-09 0.021517815068364143
0.0 0.0 0.0 0.9990208148956299 1.0662150273788029e-08 -0.00010448494867887348 -0.043025463819503784
0.0 0.0 0.0 0.9989764094352722 0.04210133105516434 0.0006427288753911853 0.01416731532663107
0.0 0.0 0.0 0.9999595284461975 -3.72710928786546e-09 0.0008077684324234724 0.00855187140405178
0.0 0.0 0.0 0.9997703433036804 -0.021057868376374245 1.3463727355222943e-10 -5.822151788459351e-11
0.0 0.0 0.0 0.9990482330322266 0.0 5.593258745051344e-09 0.0
0.0 0.0 0.0 0.6765612959861755 -0.5619471073150635 0.3423856496810913 -0.2983896732330322
0.0 0.0 0.0 0.9354515671730042 0.05559295415878296 0.3470313251018524 -0.0440986193716526
0.0 0.0 0.0 0.9979783892631531 -0.03663305938243866 0.003565462538972497 -0.049042586237192154
0.0 0.0 0.0 0.9990482330322266 -4.445123028072161e-16 2.2225615140360807e-16 1.862645149230957e-09
0.0 0.0 0.0 0.7064465880393982 -0.5291305780410767 -0.27946949005126953 0.35384035110473633
0.0 0.0 0.0 0.9080665707588196 0.21657389402389526 -0.32618090510368347 0.1436704695224762
0.0 0.0 0.0 0.9958821535110474 0.08524569869041443 -0.004627504386007786 0.030737338587641716
0.0 0.0 0.0 0.9908413290977478 -0.14500011503696442 -0.0035951982717961073 0.021495219320058823
0.0 0.0 0.0 0.9903004169464111 0.1295783668756485 -0.0007919385679997504 0.0002189037622883916
0.0 0.0 0.0 0.9939802289009094 -0.025369402021169662 -0.00478085782378912 2.3275042622117326e-05
0.0 0.0 0.0 0.999648928642273 0.05945939943194389 -0.0005655796267092228 0.021118905395269394
0.0 0.0 0.0 0.9023957252502441 0.3033589720726013 -0.0010996157070621848 -0.0014066408621147275
0.0 0.0 0.0 0.9920262098312378 0.11088938266038895 0.01208182517439127 -2.6973804779117927e-05
0.0 -0.12332764267921448 0.0 0.9997620582580566 -5.172701378342026e-09 -4.231290429146384e-09 0.020619701594114304
0.0 0.0 0.0 0.9989950656890869 1.0662150273788029e-08 -0.00010012545681092888 -0.04123028740286827
0.0 0.0 0.0 0.9990718364715576 0.037583593279123306 0.0005958921974524856 0.013427897356450558
0.0 0.0 0.0 0.9999569058418274 -3.72710928786546e-09 0.0007689335034228861 0.008140724152326584
0.0 0.0 0.0 0.9997949600219727 -0.0187982264906168 1.3463727355222943e-10 -5.822151788459351e-11
0.0 0.0 0.0 0.9990482330322266 0.0 5.593258745051344e-09 -0.00790068693459034
0.0 0.0 0.0 0.6847752332687378 -0.5531613230705261 0.323729008436203 -0.3129115700721741
0.0 0.0 0.0 0.9352337121963501 0.05830981954932213 0.34652456641197205 -0.05165760591626167
0.0 0.0 0.0 0.9980708956718445 -0.03161853179335594 0.0032573395874351263 -0.04897711053490639
0.0 0.0 0.0 0.9990482330322266 -4.445123028072161e-16 2.2225615140360807e-16 -0.00790068507194519
0.0 0.0 0.0 0.6987160444259644 -0.5375511646270752 -0.29639750719070435 0.33975937962532043
0.0 0.0 0.0 0.9108411073684692 0.20554035902023315 -0.32757627964019775 0.13601574301719666
0.0 0.0 0.0 0.9960982203483582 0.08261535316705704 -0.004311758559197187 0.031344253569841385
0.0 0.0 0.0 0.9933249354362488 -0.13274645805358887 -0.002581331878900528 0.020749559625983238
0.0 0.0 0.0 0.9887505173683167 0.16179290413856506 -0.0007608370506204665 -7.838408782845363e-05
0.0 0.0 0.0 0.9928861856460571 0.023773174732923508 0.0006526685319840908 -7.539091893704608e-05
0.0 0.0 0.0 0.9990903735160828 0.03304120525717735 0.000411295797675848 0.019299879670143127
0.0 0.0 0.0 0.889501690864563 0.3523238003253937 -0.0012653609737753868 -0.0015180407790467143
0.0 0.0 0.0 0.9934687614440918 0.09947461634874344 0.010842544957995415 -6.400297570507973e-05
0.0 -0.10886652767658234 0.0 0.9997620582580566 -5.172701378342026e-09 -4.231290429146384e-09 0.019119786098599434
0.0 0.0 0.0 0.998971164226532 1.0662150273788029e-08 -9.284476982429624e-05 -0.03823220357298851
0.0 0.0 0.0 0.9992220401763916 0.030471311882138252 0.0005181921878829598 0.012178993783891201
0.0 0.0 0.0 0.9999542236328125 -3.72710928786546e-09 0.0007040761411190033 0.0074540781788527966
0.0 0.0 0.0 0.9998337626457214 -0.015240868553519249 1.3463727355222943e-10 -5.822151788459351e-11
0.0 0.0 0.0 0.9990482330322266 0.0 5.593258745051344e-09 -0.015506718307733536
0.0 0.0 0.0 0.6933073401451111 -0.5440351366996765 0.3043495714664459 -0.32799607515335083
0.0 0.0 0.0 0.9349151849746704 0.062065187841653824 0.3458807170391083 -0.06029815226793289
0.0 0.0 0.0 0.9981847405433655 -0.02524542436003685 0.002877800725400448 -0.048860181123018265
0.0 0.0 0.0 0.9990482330322266 -4.445123028072161e-16 2.2225615140360807e-16 -0.015506718307733536
0.0 0.0 0.0 0.6906859874725342 -0.5462980270385742 -0.3139813542366028 0.32513290643692017
0.0 0.0 0.0 0.9141479730606079 0.19200482964515686 -0.3292965888977051 0.12643682956695557
0.0 0.0 0.0 0.9964494705200195 0.07793262600898743 -0.003798373509198427 0.03236573189496994
0.0 0.0 0.0 0.9954296946525574 -0.11557336151599884 -0.001117502455599606 0.019532736390829086
0.0 0.0 0.0 0.9873186349868774 0.17829068005084991 -0.0007161265821196139 -0.0003953161940444261
0.0 0.0 0.0 0.9924806952476501 0.062462348490953445 0.0051984176971018314 -0.00012149921531090513
0.0 0.0 0.0 0.997823178768158 0.0010401234030723572 0.001297853305004537 0.016902560368180275
0.0 0.0 0.0 0.8815715312957764 0.3860686421394348 -0.0014107244787737727 -0.001586554921232164
0.0 0.0 0.0 0.9948187470436096 0.08815242350101471 0.009616109542548656 -0.000105286919279024
0.0 -0.09749888628721237 0.0 0.9997620582580566 -5.172701378342026e-09 -4.231290429146384e-09 0.017033779993653297
0.0 0.0 0.0 0.9989492893218994 1.0662150273788029e-08 -8.271916158264503e-05 -0.03406262770295143
0.0 0.0 0.0 0.999405026435852 0.021807430312037468 0.00041605919250287116 0.010497547686100006
0.0 0.0 0.0 0.9999514222145081 -3.72710928786546e-09 0.0006138759781606495 0.006499125622212887
0.0 0.0 0.0 0.9998810291290283 -0.010907444171607494 1.3463727355222943e-10 -5.822151788459351e-11
0.0 0.0 0.0 0.9990482330322266 0.0 5.593258745051344e-09 -0.022546570748090744
0.0 0.0 0.0 0.7018395066261292 -0.5349090099334717 0.28497016429901123 -0.34308061003685
0.0 0.0 0.0 0.9344801306724548 0.06698073446750641 0.3450965881347656 -0.06980955600738525
0.0 0.0 0.0 0.9983144998550415 -0.017621902748942375 0.002445531776174903 -0.048674002289772034
0.0 0.0 0.0 0.9990482330322266 -4.445123028072161e-16 2.2225615140360807e-16 -0.02254657819867134
0.0 0.0 0.0 0.6826559901237488 -0.5550448298454285 -0.33156514167785645 0.3105064034461975
0.0 0.0 0.0 0.9177016019821167 0.17690837383270264 -0.33122721314430237 0.11525426805019379
0.0 0.0 0.0 0.9969089031219482 0.07106967270374298 -0.003126890864223242 0.03376481309533119
0.0 0.0 0.0 0.996932864189148 -0.09619021415710449 0.0005813464522361755 0.018034949898719788
0.0 0.0 0.0 0.9862136244773865 0.18089647591114044 -0.0006714161718264222 -0.0006669057765975595
0.0 0.0 0.0 0.99288010597229 0.08678729087114334 0.007832380011677742 -9.4351198640652e-05
0.0 0.0 0.0 0.9959211349487305 -0.035612888634204865 0.0021871724165976048 0.014829211868345737
0.0 0.0 0.0 0.8789365291595459 0.4047374725341797 -0.0015312476316466928 -0.0016093202866613865
0.0 0.0 0.0 0.9960079193115234 0.07700103521347046 0.008411488495767117 -0.00014616112457588315
0.0 -0.0904192328453064 0.0 0.9997620582580566 -5.172701378342026e-09 -4.231290429146384e-09 0.014398531056940556
0.0 0.0 0.0 0.9989296793937683 1.0662150273788029e-08 -6.99274824000895e-05 -0.02879520319402218
0.0 0.0 0.0 0.9995880126953125 0.013143550604581833 0.00030152295948937535 0.00855072308331728
0.0 0.0 0.0 0.9999487400054932 -3.72710928786546e-09 0.0004999261582270265 0.0052927350625395775
0.0 0.0 0.0 0.9999282360076904 -0.006574018858373165 1.3463727355222943e-10 -5.822151788459351e-11
0.0 0.0 0.0 0.9990482330322266 0.0 5.593258745051344e-09 -0.02879021316766739
0.0 0.0 0.0 0.7100534439086914 -0.5261232256889343 0.2663135528564453 -0.3576025366783142
0.0 0.0 0.0 0.9339188933372498 0.07311664521694183 0.3441765308380127 -0.0799330472946167
0.0 0.0 0.0 0.9984526634216309 -0.008907586336135864 0.001985133159905672 -0.04840173199772835
0.0 0.0 0.0 0.9990482330322266 -4.445123028072161e-16 2.2225615140360807e-16 -0.028790205717086792
0.0 0.0 0.0 0.6749253869056702 -0.563465416431427 -0.34849318861961365 0.29642540216445923
0.0 0.0 0.0 0.9211914539337158 0.16134905815124512 -0.33323225378990173 0.10291339457035065
0.0 0.0 0.0 0.997429370880127 0.062094781547784805 -0.002366210101172328 0.035452235490083694
0.0 0.0 0.0 0.9977626800537109 -0.07817506790161133 0.00224119471386075 0.016517026349902153
0.0 0.0 0.0 0.9855622053146362 0.1763867437839508 -0.0006403145962394774 -0.0008395641343668103
0.0 0.0 0.0 0.9937348961830139 0.09812954813241959 0.009703398682177067 -3.625782846938819e-05
0.0 0.0 0.0 0.993194580078125 -0.07409076392650604 0.003067926736548543 0.013155226595699787
0.0 0.0 0.0 0.8842405676841736 0.41579028964042664 -0.0016496157040819526 -0.001536597847007215
0.0 0.0 0.0 0.9969841241836548 0.06608156859874725 0.007235456258058548 -0.0001820022298488766
0.0 -0.08805957436561584 0.0 0.9997620582580566 -5.172701378342026e-09 -4.231290429146384e-09 0.01127597689628601
0.0 0.0 0.0 0.9989123344421387 1.0662150273788029e-08 -5.477039667312056e-05 -0.022553738206624985
0.0 0.0 0.0 0.9997381567955017 0.006031263619661331 0.00018849549815058708 0.006545960903167725
0.0 0.0 0.0 0.9999459385871887 -3.72710928786546e-09 0.00036490493221208453 0.0038632615469396114
0.0 0.0 0.0 0.9999671578407288 -0.003016658127307892 1.3463727355222943e-10 -5.822151788459351e-11
0.0 0.0 0.0 0.9990482330322266 0.0 5.593258745051344e-09 -0.03405945003032684
0.0 0.0 0.0 0.7176559567451477 -0.5179913640022278 0.24904564023017883 -0.37104347348213196
0.0 0.0 0.0 0.9332289695739746 0.08046697825193405 0.3431313633918762 -0.09037274867296219
0.0 0.0 0.0 0.9985907673835754 0.0006850231438875198 0.0015247344272211194 -0.04802985489368439
0.0 0.0 0.0 0.9990482330322266 -4.445123028072161e-16 2.2225615140360807e-16 -0.03405945003032684
0.0 0.0 0.0 0.667770266532898 -0.5712592005729675 -0.3641611635684967 0.2833925485610962
0.0 0.0 0.0 0.9243549704551697 0.1463189423084259 -0.3351874351501465 0.08996351063251495
0.0 0.0 0.0 0.9979497194290161 0.05131193622946739 -0.0016055295709520578 0.03729403391480446
0.0 0.0 0.0 0.99800705909729 -0.06345493346452713 0.003676651744171977 0.015167204663157463
0.0 0.0 0.0 0.9853605031967163 0.170480415225029 -0.0006296282517723739 -0.0008958156686276197
0.0 0.0 0.0 0.9941343665122986 0.10752835124731064 0.011601291596889496 -9.109804523177445e-06
0.0 0.0 0.0 0.9894738793373108 -0.1105717122554779 0.0038986951112747192 0.011541609652340412
0.0 0.0 0.0 0.8996332287788391 0.41998615860939026 -0.001772391377016902 -0.0013134514447301626
0.0 0.0 0.0 0.9977219104766846 0.055425457656383514 0.0060912384651601315 -0.0002092767390422523
0.0 -0.0904192179441452 0.0 0.9997620582580566 -5.172701378342026e-09 -4.231290429146384e-09 0.007755205500870943
0.0 0.0 0.0 0.9988974332809448 1.0662150273788029e-08 -3.768034730455838e-05 -0.015516305342316628
0.0 0.0 0.0 0.9998335838317871 0.0015135332942008972 8.79837607499212e-05 0.004658119287341833
0.0 0.0 0.0 0.9999432563781738 -3.72710928786546e-09 0.00021266461408231407 0.0022514883894473314
0.0 0.0 0.0 0.999991774559021 -0.000757019966840744 1.3463727355222943e-10 -5.822151788459351e-11
0.0 0.0 0.0 0.9990482330322266 0.0 5.593258745051344e-09 -0.03823047876358032
0.0 0.0 0.0 0.724398672580719 -0.5107793211936951 0.23373079299926758 -0.38296425342559814
0.0 0.0 0.0 0.9324142336845398 0.08896899223327637 0.34197643399238586 -0.10081245750188828
0.0 0.0 0.0 0.9987204074859619 0.010894950479269028 0.0010924655944108963 -0.04755014926195145
0.0 0.0 0.0 0.9990482330322266 -4.445123028072161e-16 2.2225615140360807e-16 -0.038230471312999725
0.0 0.0 0.0 0.6614243984222412 -0.5781714916229248 -0.37805700302124023 0.27183377742767334
0.0 0.0 0.0 0.9270187020301819 0.1325315684080124 -0.3370019793510437 0.07701362669467926
0.0 0.0 0.0 0.9984092116355896 0.03920697420835495 -0.0009340459946542978 0.03914070874452591
0.0 0.0 0.0 0.9975698590278625 -0.043990157544612885 0.005146210081875324 0.014051435515284538
0.0 0.0 0.0 0.9856235384941101 0.1633051484823227 -0.0006332724587991834 -0.0008777447510510683
0.0 0.0 0.0 0.9926505088806152 0.11970334500074387 0.013873917981982231 -1.1022939361282624e-05
0.0 0.0 0.0 0.9856613874435425 -0.14208954572677612 0.004729704465717077 0.009802267886698246
0.0 0.0 0.0 0.9191233515739441 0.40888720750808716 -0.0018594596767798066 -0.0010014728177338839
0.0 0.0 0.0 0.9982216358184814 0.045034974813461304 0.004978669807314873 -0.00022599476506002247
0.0 -0.09749890118837357 0.0 0.9997620582580566 -5.172701378342026e-09 -4.231290429146384e-09 0.003951284568756819
0.0 0.0 0.0 0.998884916305542 1.0662150273788029e-08 -1.9215858628740534e-05 -0.007912900298833847
0.0 0.0 0.0 0.9998655319213867 1.2992009246204361e-08 6.014684913679957e-06 0.002992326160892844
0.0 0.0 0.0 0.9999407529830933 -3.72710928786546e-09 4.818063462153077e-05 0.0005100911948829889
0.0 0.0 0.0 1.0 0.0 0.0 0.0
0.0 0.0 0.0 0.9990482330322266 0.0 5.593258745051344e-09 -0.04122959077358246
0.0 0.0 0.0 0.730089008808136 -0.5046927332878113 0.22080598771572113 -0.39302462339401245
0.0 0.0 0.0 0.9314834475517273 0.09852113574743271 0.3407289683818817 -0.11093594878911972
0.0 0.0 0.0 0.9988343715667725 0.021423786878585815 0.0007129267323762178 -0.046960439532995224
0.0 0.0 0.0 0.9990482330322266 -4.445123028072161e-16 2.2225615140360807e-16 -0.041229575872421265
0.0 0.0 0.0 0.6560688614845276 -0.5840049982070923 -0.3897843360900879 0.2620788812637329
0.0 0.0 0.0 0.9290980696678162 0.1203940138220787 -0.3386228680610657 0.06467275321483612
0.0 0.0 0.0 0.9987603425979614 0.026321735233068466 -0.00042066164314746857 0.0408625565469265
0.0 0.0 0.0 0.9962974786758423 -0.011882897466421127 0.006893506273627281 0.013103846460580826
0.0 0.0 0.0 0.9867004752159119 0.14822499454021454 -0.0006410707137547433 -0.0008261217153631151
0.0 0.0 0.0 0.9889473915100098 0.14170455932617188 0.01616191491484642 -1.5116809663595632e-05
0.0 0.0 0.0 0.9827028512954712 -0.1674991101026535 0.005611067172139883 0.007810904178768396
0.0 0.0 0.0 0.9347712993621826 0.38746118545532227 -0.0018876864342018962 -0.000704498088452965
0.0 0.0 0.0 0.9985007643699646 0.034892357885837555 0.0038953342009335756 -0.00023153662914410233
0.0 -0.10886652022600174 0.0 0.9997620582580566 -5.172701378342026e-09 -4.231290429146384e-09 0.0
0.0 0.0 0.0 0.9988747835159302 1.0662150273788029e-08 -3.606692189350724e-08 -1.4942139387130737e-05
0.0 0.0 0.0 0.9998442530632019 0.0009668798884376884 -6.967728404561058e-05 0.0013025545049458742
0.0 0.0 0.0 0.9999383687973022 -3.72710928786546e-09 -0.00012267535203136504 -0.0012987665832042694
0.0 0.0 0.0 0.9999947547912598 -0.0004836168955080211 0.0 0.0
0.0 0.0 0.0 0.9990482330322266 0.0 5.593258745051344e-09 -0.043025389313697815
0.0 0.0 0.0 0.734593391418457 -0.4998747706413269 0.21057498455047607 -0.4009881913661957
0.0 0.0 0.0 0.9304479360580444 0.10900240391492844 0.33940601348876953 -0.12044734507799149
0.0 0.0 0.0 0.9989267587661743 0.031952619552612305 0.0004048035480082035 -0.046264082193374634
0.0 0.0 0.0 0.9990482330322266 -4.445123028072161e-16 2.2225615140360807e-16 -0.04302537441253662
0.0 0.0 0.0 0.6518296003341675 -0.5886226892471313 -0.39906734228134155 0.2543570399284363
0.0 0.0 0.0 0.930860698223114 0.1075381487607956 -0.3403785228729248 0.05349019914865494
0.0 0.0 0.0 0.998976469039917 0.013134312815964222 -0.00010491674765944481 0.042370885610580444
0.0 0.0 0.0 0.9944683909416199 0.028954019770026207 0.00868721678853035 0.012136134319007397
0.0 0.0 0.0 0.9885478019714355 0.12259090691804886 -0.0006447149789892137 -0.0007681213319301605
0.0 0.0 0.0 0.9858362674713135 0.1650770753622055 0.017984114587306976 -1.7029946320690215e-05
0.0 0.0 0.0 0.9802969098091125 -0.18857713043689728 0.006669104564934969 0.005567613989114761
0.0 0.0 0.0 0.9481817483901978 0.34584978222846985 -0.0018042471492663026 -0.0003854416136164218
0.0 0.0 0.0 0.9986619353294373 0.025595106184482574 0.002876912709325552 -0.00022495718440040946
0.0 -0.12332765012979507 0.0 0.9997620582580566 -5.172701378342026e-09 -4.231290429146384e-09 -0.003951283171772957
0.0 0.0 0.0 0.998866856098175 1.0662150273788029e-08 1.9143721146974713e-05 0.007883016020059586
0.0 0.0 0.0 0.9997803568840027 0.0038767470978200436 -0.00015220342902466655 -0.0006746691069565713
0.0 0.0 0.0 0.9999361634254456 -3.72710928786546e-09 -0.00029353128047659993 -0.0031076245941221714
0.0 0.0 0.0 0.9999788999557495 -0.001939102541655302 0.0 0.0
0.0 0.0 0.0 0.9990482330322266 3.728839459427036e-09 1.864419285624308e-09 -0.04361938312649727
0.0 0.0 0.0 0.7378321886062622 -0.4964104890823364 0.2032185196876526 -0.4067142605781555
0.0 0.0 0.0 0.9293200969696045 0.12028809636831284 0.33802318572998047 -0.129087895154953
0.0 0.0 0.0 0.9989941716194153 0.04216254502534866 0.0001801098696887493 -0.04546848684549332
0.0 0.0 0.0 0.9990482330322266 1.864419951758123e-09 -1.864419507668913e-09 -0.04361938685178757
0.0 0.0 0.0 0.6487813591957092 -0.5919430255889893 -0.40574222803115845 0.24880483746528625
0.0 0.0 0.0 0.9325163960456848 0.09210450202226639 -0.3425268530845642 0.04391126334667206
0.0 0.0 0.0 0.9990482330322266 7.457678030675652e-09 -2.3305244400972924e-09 0.04361937940120697
0.0 0.0 0.0 0.9926392436027527 0.07043178379535675 0.010186081752181053 0.010887375101447105
0.0 0.0 0.0 0.9918588995933533 0.09973237663507462 -0.0005550116766244173 -0.0006961110047996044
0.0 0.0 0.0 0.9836491942405701 0.1785808652639389 0.01947837695479393 -4.6521754484274425e-06
0.0 0.0 0.0 0.9780047535896301 -0.20562753081321716 0.007964213378727436 0.0030826132278889418
0.0 0.0 0.0 0.9631020426750183 0.27118435502052307 -0.0015614053700119257 2.0452000171644613e-05
0.0 0.0 0.0 0.9987850189208984 0.017278043553233147 0.0019544647075235844 -0.00020444281108211726
0.0 -0.13892966508865356 0.0 0.9997620582580566 -5.172701378342026e-09 -4.231290429146384e-09 -0.007755205035209656
0.0 0.0 0.0 0.998860776424408 1.0662150273788029e-08 3.760820982279256e-05 0.015486419200897217
0.0 0.0 0.0 0.9996764063835144 0.008608025498688221 -0.00023919498198665679 -0.002879825420677662
0.0 0.0 0.0 0.9999341368675232 -3.72710928786546e-09 -0.000458015245385468 -0.004849021323025227
0.0 0.0 0.0 0.999953031539917 -0.004305639304220676 0.0 0.0
0.0 0.0 0.0 0.9990549087524414 3.728839459427036e-09 1.864419285624308e-09 -0.04307831823825836
0.0 0.0 0.0 0.7397715449333191 -0.4943361282348633 0.19881370663642883 -0.4101429283618927
0.0 0.0 0.0 0.9268566966056824 0.1360248327255249 0.33616402745246887 -0.13664686679840088
0.0 0.0 0.0 0.9990347623825073 0.0517551526427269 4.478543996810913e-05 -0.04458339139819145
0.0 0.0 0.0 0.9990549087524414 1.864419951758123e-09 -1.864419507668913e-09 -0.04307832196354866
0.0 0.0 0.0 0.6469560861587524 -0.5939310789108276 -0.4097389280796051 0.2454802691936493
0.0 0.0 0.0 0.9339103102684021 0.07615797221660614 -0.3447745740413666 0.03625655174255371
0.0 0.0 0.0 0.9989745616912842 -0.012674668803811073 -0.00026145120500586927 0.04481038823723793
0.0 0.0 0.0 0.9913668632507324 0.10429859161376953 0.01112295687198639 0.009167293086647987
0.0 0.0 0.0 0.9960679411888123 0.07884901016950607 -0.00036305782850831747 -0.0006145084626041353
0.0 0.0 0.0 0.9819231629371643 0.18816278874874115 0.02053615264594555 2.183471224270761e-05
0.0 0.0 0.0 0.9760469198226929 -0.2174755036830902 0.00931951217353344 0.000428556464612484
0.0 0.0 0.0 0.9777065515518188 0.17704299092292786 -0.001212304807268083 0.00045556819532066584
0.0 0.0 0.0 0.9988635778427124 0.00944765005260706 0.0010906419483944774 -0.00017138186376541853
0.0 -0.1533907949924469 0.0 0.9997620582580566 -5.172701378342026e-09 -4.231290429146384e-09 -0.01127597689628601
0.0 0.0 0.0 0.9988564848899841 1.0662150273788029e-08 5.4698262829333544e-05 0.022523842751979828
0.0 0.0 0.0 0.9995405077934265 0.014796311035752296 -0.00032678860588930547 -0.005203767213970423
0.0 0.0 0.0 0.9999324679374695 -3.72710928786546e-09 -0.0006102555198594928 -0.006460793316364288
0.0 0.0 0.0 0.9999192953109741 -0.007400956936180592 0.0 0.0
0.0 0.0 0.0 0.9990753531455994 3.728839459427036e-09 1.864419285624308e-09 -0.04140855371952057
0.0 0.0 0.0 0.7404130101203918 -0.49364998936653137 0.1973566710948944 -0.41127705574035645
0.0 0.0 0.0 0.9219745993614197 0.15904982388019562 0.33350658416748047 -0.14296603202819824
0.0 0.0 0.0 0.9990482330322266 0.06046947091817856 9.32209864856759e-09 -0.04361937940120697
0.0 0.0 0.0 0.9990753531455994 1.864419951758123e-09 -1.864419507668913e-09 -0.04140855744481087
0.0 0.0 0.0 0.6463524103164673 -0.5945887565612793 -0.41106095910072327 0.2443806380033493
0.0 0.0 0.0 0.9348993301391602 0.06277352571487427 -0.34667712450027466 0.030723541975021362
0.0 0.0 0.0 0.9987601637840271 -0.02411394938826561 -0.0010223715798929334 0.046102702617645264
0.0 0.0 0.0 0.9909296631813049 0.12629462778568268 0.011424880474805832 0.006938532926142216
0.0 0.0 0.0 0.9977948069572449 0.06637324392795563 -0.00027335452614352107 -0.0005824276595376432
0.0 0.0 0.0 0.9813632369041443 0.1910277158021927 0.02085178717970848 3.4212484024465084e-05
0.0 0.0 0.0 0.9746379852294922 -0.22305482625961304 0.010466856881976128 -0.002242353046312928
0.0 0.0 0.0 0.9895010590553284 0.08832134306430817 -0.0008632043609395623 0.0008297631866298616
0.0 0.0 0.0 0.9989018440246582 0.0016885902732610703 0.00021544878836721182 -0.00013139762450009584
0.0 -0.16475841403007507 0.0 0.9997620582580566 -5.172701378342026e-09 -4.231290429146384e-09 -0.014398526400327682
0.0 0.0 0.0 0.9988535046577454 1.0662150273788029e-08 6.985534855630249e-05 0.02876531332731247
0.0 0.0 0.0 0.9993864893913269 0.021806631237268448 -0.0004098580393474549 -0.00749066099524498
0.0 0.0 0.0 0.9999309778213501 -3.72710928786546e-09 -0.0007452766876667738 -0.007890267297625542
0.0 0.0 0.0 0.9998810291290283 -0.010907447896897793 0.0 0.0
0.0 0.0 0.0 0.999110221862793 3.728839459427036e-09 1.864419285624308e-09 -0.03856045380234718
0.0 0.0 0.0 0.7398975491523743 -0.49392959475517273 0.19878366589546204 -0.41103509068489075
0.0 0.0 0.0 0.9156057238578796 0.18568424880504608 0.33046799898147583 -0.1479380875825882
0.0 0.0 0.0 0.9988498091697693 0.06809300184249878 0.00033212522976100445 -0.04200964421033859
0.0 0.0 0.0 0.999110221862793 1.864419951758123e-09 -1.864419507668913e-09 -0.03856046125292778
0.0 0.0 0.0 0.6465617418289185 -0.5943652391433716 -0.41060829162597656 0.24467213451862335
0.0 0.0 0.0 0.9354419708251953 0.0543820858001709 -0.34787675738334656 0.02740354835987091
0.0 0.0 0.0 0.9984519481658936 -0.03327222168445587 -0.0021162431221455336 0.04734332859516144
0.0 0.0 0.0 0.9909301400184631 0.13864712417125702 0.011424524709582329 0.004094807431101799
0.0 0.0 0.0 0.9951598644256592 0.06841753423213959 -0.0002909142349381 -0.0006051929667592049
0.0 0.0 0.0 0.9819670915603638 0.18688996136188507 0.020395547151565552 3.415368701098487e-05
0.0 0.0 0.0 0.9738548994064331 -0.22102779150009155 0.011190377175807953 -0.004773678258061409
0.0 0.0 0.0 0.9966975450515747 0.028545379638671875 -0.0006203623488545418 0.0010682076681405306
0.0 0.0 0.0 0.9989140033721924 -0.006647613365203142 -0.0007382535841315985 -9.185367525788024e-05
0.0 -0.17183807492256165 0.0 0.9997620582580566 -5.172701378342026e-09 -4.231290429146384e-09 -0.017033778131008148
0.0 0.0 0.0 0.9988517165184021 1.0662150273788029e-08 8.26470204629004e-05 0.034032732248306274
0.0 0.0 0.0 0.9992324113845825 0.02881694957613945 -0.0004829560639336705 -0.00956420786678791
0.0 0.0 0.0 0.9999298453330994 -3.72710928786546e-09 -0.0008592266822233796 -0.009096659719944
0.0 0.0 0.0 0.9998427629470825 -0.014413936994969845 0.0 0.0
0.0 0.0 0.0 0.9991597533226013 3.728839459427036e-09 1.864419285624308e-09 -0.034525349736213684
0.0 0.0 0.0 0.7382587194442749 -0.49488693475723267 0.2032139003276825 -0.4101126790046692
0.0 0.0 0.0 0.9095035195350647 0.20966413617134094 0.3277503252029419 -0.15150146186351776
0.0 0.0 0.0 0.9982722401618958 0.07446609437465668 0.0012987147783860564 -0.03927995264530182
0.0 0.0 0.0 0.9991597533226013 1.864419951758123e-09 -1.864419507668913e-09 -0.034525349736213684
0.0 0.0 0.0 0.6472675204277039 -0.5936095118522644 -0.40907973051071167 0.24569757282733917
0.0 0.0 0.0 0.935600996017456 0.051672451198101044 -0.34826555848121643 0.026305414736270905
0.0 0.0 0.0 0.99814373254776 -0.03929712623357773 -0.0032101143151521683 0.04833056777715683
0.0 0.0 0.0 0.9909340739250183 0.14380672574043274 0.011421391740441322 0.0004977111238986254
0.0 0.0 0.0 0.9872296452522278 0.07954122126102448 -0.0003454035031609237 -0.0006737069925293326
0.0 0.0 0.0 0.9837216138839722 0.17466861009597778 0.019049612805247307 3.363641008036211e-05
0.0 0.0 0.0 0.9736230373382568 -0.20951221883296967 0.011424880474805832 -0.007083709351718426
0.0 0.0 0.0 0.9989798069000244 0.00837208703160286 -0.0005369231221266091 0.0011460077948868275
0.0 0.0 0.0 0.998915433883667 -0.019363194704055786 -0.0018017049878835678 -5.7856886996887624e-05
0.0 -0.1741977334022522 0.0 0.9997620582580566 -5.172701378342026e-09 -4.231290429146384e-09 -0.01911979168653488
0.0 0.0 0.0 0.9988507032394409 1.0662150273788029e-08 9.277265053242445e-05 0.03820231556892395
0.0 0.0 0.0 0.9990965127944946 0.035005245357751846 -0.0005416387575678527 -0.011269574984908104
0.0 0.0 0.0 0.9999289512634277 -3.72710928786546e-09 -0.0009494267869740725 -0.010051613673567772
0.0 0.0 0.0 0.9998089671134949 -0.017509259283542633 0.0 0.0
0.0 0.0 0.0 0.9992231726646423 3.728839459427036e-09 1.864419285624308e-09 -0.029353836551308632
0.0 0.0 0.0 0.7353835701942444 -0.4967208206653595 0.2107948213815689 -0.408159077167511
0.0 0.0 0.0 0.9053543210029602 0.22539284825325012 0.3259749710559845 -0.1536325216293335
0.0 0.0 0.0 0.9974420070648193 0.07948063313961029 0.002688248874619603 -0.03591091185808182
0.0 0.0 0.0 0.9992231726646423 1.864419951758123e-09 -1.864419507668913e-09 -0.02935383841395378
0.0 0.0 0.0 0.6485973000526428 -0.5921811461448669 -0.40619388222694397 0.24771636724472046
0.0 0.0 0.0 0.9355113506317139 0.05317474156618118 -0.3481326401233673 0.027145899832248688
0.0 0.0 0.0 0.9979293346405029 -0.04227560758590698 -0.003971035126596689 0.04892641678452492
0.0 0.0 0.0 0.9909455180168152 0.14048998057842255 0.011412321589887142 -0.0034854505211114883
0.0 0.0 0.0 0.9743356108665466 0.10175614058971405 -0.0004378408193588257 -0.0007851070258766413
0.0 0.0 0.0 0.9859485030174255 0.1586751639842987 0.017292113974690437 3.2138428650796413e-05
0.0 0.0 0.0 0.9751232862472534 -0.19146187603473663 0.011419650167226791 -0.009545547887682915
0.0 0.0 0.0 0.998267650604248 0.00944223627448082 -0.000573665602132678 0.0010894141159951687
0.0 0.0 0.0 0.9985644817352295 -0.044913146644830704 -0.00323508121073246 -2.0731617041747086e-05
0.0 -0.1727268099784851 0.0 0.9997620582580566 -5.172701378342026e-09 -4.231290429146384e-09 -0.020619697868824005
0.0 0.0 0.0 0.9988501667976379 1.0662150273788029e-08 0.00010005329386331141 0.04120039939880371
0.0 0.0 0.0 0.9989925622940063 0.03973652422428131 -0.0005833919276483357 -0.012506816536188126
0.0 0.0 0.0 0.99992835521698 -3.72710928786546e-09 -0.001014284323900938 -0.010738257318735123
0.0 0.0 0.0 0.9997832179069519 -0.019875794649124146 0.0 0.0
0.0 0.0 0.0 0.9992989897727966 3.728839459427036e-09 1.864419285624308e-09 -0.02316995896399021
0.0 0.0 0.0 0.7312317490577698 -0.49964508414268494 0.22151194512844086 -0.4047613739967346
0.0 0.0 0.0 0.9039467573165894 0.23061725497245789 0.3253867030143738 -0.1543375551700592
0.0 0.0 0.0 0.9966117739677429 0.0830744206905365 0.004077782854437828 -0.03276976943016052
0.0 0.0 0.0 0.9992989897727966 1.864419951758123e-09 -1.864419507668913e-09 -0.02316996268928051
0.0 0.0 0.0 0.6506844162940979 -0.5899327993392944 -0.40165621042251587 0.2510179877281189
0.0 0.0 0.0 0.9352328777313232 0.05769941210746765 -0.3477196991443634 0.029756668955087662
0.0 0.0 0.0 0.9978556632995605 -0.04305844381451607 -0.004232483915984631 0.04911397397518158
0.0 0.0 0.0 0.9909648299217224 0.12574562430381775 0.011396974325180054 -0.007303775288164616
0.0 0.0 0.0 0.9574707746505737 0.13699999451637268 -0.0005657283472828567 -0.0009308129083365202
0.0 0.0 0.0 0.9877446889877319 0.1450149118900299 0.015796907246112823 2.9603892471641302e-05
0.0 0.0 0.0 0.9793727397918701 -0.17341724038124084 0.011373637244105339 -0.012172599323093891
0.0 0.0 0.0 0.996228039264679 0.01824057847261429 -0.0006697740172967315 0.0009168752003461123
0.0 0.0 0.0 0.9975340366363525 -0.06052668020129204 -0.005037322640419006 2.3553297069156542e-05
0.0 -0.16815070807933807 0.0 0.9997620582580566 -5.172701378342026e-09 -4.231290429146384e-09 -0.021517813205718994
0.0 0.0 0.0 0.9988499879837036 1.0662150273788029e-08 0.00010441284393891692 0.042995572090148926
0.0 0.0 0.0 0.9989286661148071 0.0426463857293129 -0.0006076939753256738 -0.013238286599516869
0.0 0.0 0.0 0.9999279975891113 -3.72710928786546e-09 -0.0010531190782785416 -0.01114940270781517
0.0 0.0 0.0 0.9997673630714417 -0.02133127674460411 0.0 0.0
0.0 0.0 0.0 0.9993847608566284 3.728839459427036e-09 1.864419285624308e-09 -0.016173504292964935
0.0 0.0 0.0 0.7258861660957336 -0.5038601160049438 0.23511621356010437 -0.39948388934135437
0.0 0.0 0.0 0.9044973254203796 0.22822317481040955 0.32566091418266296 -0.1537242978811264
0.0 0.0 0.0 0.9960342049598694 0.08522368967533112 0.005044372286647558 -0.030666466802358627
0.0 0.0 0.0 0.9993847608566284 1.864419951758123e-09 -1.864419507668913e-09 -0.016173506155610085
0.0 0.0 0.0 0.653647780418396 -0.5867313146591187 -0.3952016234397888 0.25588786602020264
0.0 0.0 0.0 0.934759795665741 0.0650641992688179 -0.3470182418823242 0.03419173136353493
0.0 0.0 0.0 0.9978815317153931 -0.04273948445916176 -0.004140641540288925 0.04899474233388901
0.0 0.0 0.0 0.9953700304031372 0.10372660309076309 0.010338750667870045 -0.012060927227139473
0.0 0.0 0.0 0.9383656978607178 0.1857650727033615 -0.0007219593971967697 -0.0010958738857880235
0.0 0.0 0.0 0.9891356825828552 0.13369038701057434 0.014562827534973621 2.198149923060555e-05
0.0 0.0 0.0 0.9844993948936462 -0.15952934324741364 0.011240389198064804 -0.014071060344576836
0.0 0.0 0.0 0.9937119483947754 0.04324197769165039 -0.0007658824324607849 0.0006782199488952756
0.0 0.0 0.0 0.9962002038955688 -0.06755394488573074 -0.006467458792030811 5.774297096650116e-05
0.0 -0.1604129821062088 0.0 0.9997620582580566 5.229447097576667e-09 4.231290429146384e-09 -0.02181488461792469
0.0 0.0 0.0 0.9988499879837036 -2.5859208108158782e-09 0.00010585482232272625 0.04358937591314316
0.0 0.0 0.0 0.9989073872566223 0.043613251298666 -0.0006154506700113416 -0.013474528677761555
0.0 0.0 0.0 0.9999278783798218 7.451035344274715e-09 -0.0010659645777195692 -0.011285400949418545
0.0 0.0 0.0 0.9997620582580566 -0.021814895793795586 0.0 0.0
0.0 0.0 0.0 0.9994773268699646 3.728839459427036e-09 1.864419285624308e-09 -0.008624806068837643
0.0 0.0 0.0 0.719578742980957 -0.5095131993293762 0.2510877847671509 -0.3919373154640198
0.0 0.0 0.0 0.9062120318412781 0.2207673341035843 0.32651486992836 -0.1515246033668518
0.0 0.0 0.0 0.9958357810974121 0.08593472093343735 0.00537648843601346 -0.02995922788977623
0.0 0.0 0.0 0.9994773268699646 1.864419951758123e-09 -1.864419507668913e-09 -0.008624807931482792
0.0 0.0 0.0 0.6575667262077332 -0.5824861526489258 -0.38665106892585754 0.26255589723587036
0.0 0.0 0.0 0.9341042041778564 0.07471134513616562 -0.34604611992836 0.04033825173974037
0.0 0.0 0.0 0.9979621171951294 -0.04153371974825859 -0.003854617942124605 0.04862343147397041
0.0 0.0 0.0 0.9997620582580566 0.08211036771535873 0.008597897365689278 -0.014693608507514
0.0 0.0 0.0 0.919260561466217 0.24435129761695862 -0.0008952937787398696 -0.0012609348632395267
0.0 0.0 0.0 0.9904628396034241 0.12242177128791809 0.013338016346096992 4.482717486098409e-06
0.0 0.0 0.0 0.988214373588562 -0.15197183191776276 0.011014937423169613 -0.014693608507514
0.0 0.0 0.0 0.9917965531349182 0.08525296300649643 -0.0008026249124668539 0.00045471888734027743
0.0 0.0 0.0 0.9950835108757019 -0.06693074852228165 -0.006961478851735592 6.938332080608234e-05
0.0 -0.14984719455242157 0.0 0.9997713565826416 5.229447097576667e-09 4.231290429146384e-09 -0.02139301225543022
0.0 0.0 0.0 0.9988948702812195 -2.5859208108158782e-09 0.0001017255854094401 0.042786214500665665
0.0 0.0 0.0 0.9989495873451233 0.04214601218700409 -0.0005932410713285208 -0.013260975480079651
0.0 0.0 0.0 0.999930739402771 7.451035344274715e-09 -0.0010243828874081373 -0.011001207865774632
0.0 0.0 0.0 0.9997713565826416 -0.02096392959356308 0.0 0.0
0.0 0.0 0.0 0.9995731115341187 3.728839459427036e-09 1.864419285624308e-09 -0.0008134711533784866
0.0 0.0 0.0 0.7126564979553223 -0.5166608095169067 0.26867395639419556 -0.38185766339302063
0.0 0.0 0.0 0.9090865254402161 0.2082681506872177 0.3279464542865753 -0.14715388417243958
0.0 0.0 0.0 0.99596107006073 0.08502176403999329 0.005166759714484215 -0.030492089688777924
0.0 0.0 0.0 0.9995731115341187 1.864419951758123e-09 -1.864419507668913e-09 -0.0008134730160236359
0.0 0.0 0.0 0.6624581813812256 -0.577174186706543 -0.3759613633155823 0.27114394307136536
0.0 0.0 0.0 0.933301568031311 0.08566328138113022 -0.344855934381485 0.04786327853798866
0.0 0.0 0.0 0.9980972409248352 -0.039011742919683456 -0.003375120460987091 0.04800094664096832
0.0 0.0 0.0 0.999640941619873 0.05946017801761627 0.00748055474832654 -0.014069273136556149
0.0 0.0 0.0 0.9023957252502441 0.30335885286331177 -0.0010727710323408246 -0.0014066408621147275
0.0 0.0 0.0 0.9917263388633728 0.11120882630348206 0.0121224420145154 -2.2856513169244863e-05
0.0 0.0 0.0 0.9906184673309326 -0.14500002562999725 0.010510516352951527 -0.014437510631978512
0.0 0.0 0.0 0.990446925163269 0.1295783668756485 -0.0007958765490911901 0.0002496466040611267
0.0 0.0 0.0 0.9939802289009094 -0.025369998067617416 -0.00478085782378912 2.3275042622117326e-05
0.0 -0.13726072013378143 0.0 0.9998001456260681 5.229447097576667e-09 4.231290429146384e-09 -0.020084168761968613
0.0 0.0 0.0 0.9990339875221252 -2.5859208108158782e-09 8.89147850102745e-05 0.04029444232583046
0.0 0.0 0.0 0.99908047914505 0.03759397193789482 -0.0005243368213996291 -0.012598435394465923
0.0 0.0 0.0 0.9999394416809082 7.451035344274715e-09 -0.0008953774231486022 -0.010119511745870113
0.0 0.0 0.0 0.9998001456260681 -0.01832384057343006 0.0 0.0
0.0 0.0 0.0 0.9996686577796936 3.728839459427036e-09 1.864419285624308e-09 0.006979338824748993
0.0 0.0 0.0 0.7054963111877441 -0.525253415107727 0.2870071530342102 -0.36916133761405945
0.0 0.0 0.0 0.9129186868667603 0.191605344414711 0.32985490560531616 -0.14011673629283905
0.0 0.0 0.0 0.9963498711585999 0.08177874982357025 0.004516085609793663 -0.03214527294039726
0.0 0.0 0.0 0.9996686577796936 1.864419951758123e-09 -1.864419507668913e-09 0.006979336962103844
0.0 0.0 0.0 0.66826993227005 -0.5708484053611755 -0.363241583108902 0.2816370725631714
0.0 0.0 0.0 0.9324086904525757 0.09665024280548096 -0.34353187680244446 0.056234829127788544
0.0 0.0 0.0 0.9982773661613464 -0.03476253151893616 -0.002735896734520793 0.047171108424663544
0.0 0.0 0.0 0.9990667104721069 0.03304164856672287 0.006503637880086899 -0.012228668667376041
0.0 0.0 0.0 0.889501690864563 0.3523238003253937 -0.0012428037589415908 -0.0015180407790467143
0.0 0.0 0.0 0.9929372072219849 0.10004185140132904 0.01091449148952961 -5.831971429870464e-05
0.0 0.0 0.0 0.992526650428772 -0.13274624943733215 0.009497484192252159 -0.013642977923154831
0.0 0.0 0.0 0.9892752170562744 0.16179290413856506 -0.0007749401265755296 3.171460411977023e-05
0.0 0.0 0.0 0.9928861856460571 0.023772966116666794 0.0006526685319840908 -7.539091893704608e-05
0.0 -0.12379448115825653 0.0 0.9998462200164795 5.229447097576667e-09 4.231290429146384e-09 -0.01799078844487667
0.0 0.0 0.0 0.9992566108703613 -2.5859208108158782e-09 6.842501170467585e-05 0.03630905970931053
0.0 0.0 0.0 0.9992897510528564 0.030313368886709213 -0.00041413024882785976 -0.011538758873939514
0.0 0.0 0.0 0.9999533891677856 7.451035344274715e-09 -0.0006890440708957613 -0.008709315210580826
0.0 0.0 0.0 0.9998462200164795 -0.014101242646574974 0.0 0.0
0.0 0.0 0.0 0.9997611045837402 3.728839459427036e-09 1.864419285624308e-09 0.014512363821268082
0.0 0.0 0.0 0.6984200477600098 -0.5351494550704956 0.30525559186935425 -0.35394781827926636
0.0 0.0 0.0 0.9172985553741455 0.1725606471300125 0.33203619718551636 -0.1302400529384613
0.0 0.0 0.0 0.9969716668128967 0.07558490335941315 0.0034753885120153427 -0.034789398312568665
0.0 0.0 0.0 0.9997611045837402 1.864419951758123e-09 -1.864419507668913e-09 0.014512363821268082
0.0 0.0 0.0 0.674893319606781 -0.5636242032051086 -0.3487257957458496 0.2938944697380066
0.0 0.0 0.0 0.9314912557601929 0.10639899224042892 -0.3421715199947357 0.06483576446771622
0.0 0.0 0.0 0.9984832406044006 -0.028561986982822418 -0.002005297690629959 0.04622264951467514
0.0 0.0 0.0 0.9977971315383911 0.001040235161781311 0.005617074202746153 -0.0098281754180789
0.0 0.0 0.0 0.8815715312957764 0.3860686421394348 -0.001397161977365613 -0.001586554921232164
0.0 0.0 0.0 0.9941180348396301 0.08890117704868317 0.009710904210805893 -9.843040606938303e-05
0.0 0.0 0.0 0.9939960241317749 -0.11557304114103317 0.00803457386791706 -0.012372189201414585
0.0 0.0 0.0 0.9882609248161316 0.17829068005084991 -0.0007414540159516037 -0.00019759213319048285
0.0 0.0 0.0 0.9924806952476501 0.062462348490953445 0.0051984176971018314 -0.00012149921531090513
0.0 -0.11059367656707764 0.0 0.999901294708252 5.229447097576667e-09 4.231290429146384e-09 -0.015486616641283035
0.0 0.0 0.0 0.9995229244232178 -2.5859208108158782e-09 4.3914482375839725e-05 0.0315416194498539
0.0 0.0 0.0 0.9995401501655579 0.02160407416522503 -0.0002822976093739271 -0.01027114037424326
0.0 0.0 0.0 0.9999700784683228 7.451035344274715e-09 -0.00044222152791917324 -0.007022390142083168
0.0 0.0 0.0 0.999901294708252 -0.009050033986568451 0.0 0.0
0.0 0.0 0.0 0.999847948551178 3.728839459427036e-09 1.864419285624308e-09 0.021601326763629913
0.0 0.0 0.0 0.6916522979736328 -0.5461523532867432 0.3227413296699524 -0.3364538550376892
0.0 0.0 0.0 0.9217332601547241 0.15327727794647217 0.3342447876930237 -0.11778165400028229
0.0 0.0 0.0 0.9977154731750488 0.0664207935333252 0.002230472397059202 -0.03795238584280014
0.0 0.0 0.0 0.999847948551178 1.864419951758123e-09 -1.864419507668913e-09 0.021601323038339615
0.0 0.0 0.0 0.6821889877319336 -0.555651843547821 -0.33271679282188416 0.3076918423175812
0.0 0.0 0.0 0.9306085109710693 0.1139228492975235 -0.3408626616001129 0.07311137020587921
0.0 0.0 0.0 0.9986916780471802 -0.020482100546360016 -0.0012655435130000114 0.045262303203344345
0.0 0.0 0.0 0.9959211349487305 -0.035612888634204865 0.004727822728455067 -0.007790436036884785
0.0 0.0 0.0 0.8789365291595459 0.4047374725341797 -0.0015312476316466928 -0.0016093202866613865
0.0 0.0 0.0 0.9952958822250366 0.07776312530040741 0.008507753722369671 -0.00013900679186917841
0.0 0.0 0.0 0.995235800743103 -0.09618990868330002 0.006336106453090906 -0.010852031409740448
0.0 0.0 0.0 0.9873289465904236 0.18089647591114044 -0.0007013969006948173 -0.00043285475112497807
0.0 0.0 0.0 0.9927453398704529 0.08678732812404633 0.00783156231045723 -0.00010351344099035487
0.0 -0.0985192060470581 0.0 0.9999549984931946 5.229447097576667e-09 4.231290429146384e-09 -0.013048664666712284
0.0 0.0 0.0 0.999782145023346 -2.5859208108158782e-09 2.0052088075317442e-05 0.026900246739387512
0.0 0.0 0.0 0.9997838735580444 0.013125082477927208 -0.00015395108493976295 -0.00903704110532999
0.0 0.0 0.0 0.9999862909317017 7.451035344274715e-09 -0.00020192575175315142 -0.005380074493587017
0.0 0.0 0.0 0.9999549984931946 -0.004132398404181004 0.0 0.0
0.0 0.0 0.0 0.9999278783798218 3.728839459427036e-09 1.864419285624308e-09 0.02812144160270691
0.0 0.0 0.0 0.6853227615356445 -0.5580505132675171 0.3389899730682373 -0.316987544298172
0.0 0.0 0.0 0.9258185029029846 0.1355138123035431 0.3362793028354645 -0.10329384356737137
0.0 0.0 0.0 0.9984396696090698 0.055013734847307205 0.001018476439639926 -0.04103173315525055
0.0 0.0 0.0 0.9999278783798218 1.864419951758123e-09 -1.864419507668913e-09 0.028121445327997208
0.0 0.0 0.0 0.6900132894515991 -0.5470876693725586 -0.31552913784980774 0.32277190685272217
0.0 0.0 0.0 0.9298028349876404 0.11865242570638657 -0.3396679759025574 0.08066509664058685
0.0 0.0 0.0 0.9988836646080017 -0.01083166804164648 -0.0005840954836457968 0.044377651065588
0.0 0.0 0.0 0.9930288791656494 -0.07357979565858841 0.003855699673295021 -0.0061346315778791904
0.0 0.0 0.0 0.8862547874450684 0.4149814248085022 -0.0016525834798812866 -0.0015047022607177496
0.0 0.0 0.0 0.996492862701416 0.06660830974578857 0.007301820442080498 -0.00017661757010500878
0.0 0.0 0.0 0.9965125322341919 -0.078174889087677 0.004675611387938261 -0.009372071363031864
0.0 0.0 0.0 0.9863837957382202 0.1763867437839508 -0.0006623990484513342 -0.0006671572919003665
0.0 0.0 0.0 0.9934483170509338 0.0981295108795166 0.009701660834252834 -5.573519229074009e-05
