49 15
0.0 0.0 0.0 1.0 0.0 0.0 0.0
0.0 0.0 0.0 1.0 0.0 0.0 0.0
0.0 0.0 0.0 1.0000001192092896 -2.877794669231548e-10 2.3048006558834544e-10 2.9802322387695312e-08
0.0 0.0 0.0 1.0 0.0 0.0 0.0
0.0 0.0 0.0 1.0 0.0 0.0 0.0
0.0 0.0 0.0 1.0 0.0 0.0 0.0
0.0 0.0 0.0 1.0 0.0 0.0 0.0
0.0 0.0 0.0 1.0 0.0 0.0 0.0
0.0 0.0 0.0 1.0 0.0 0.0 0.0
0.0 0.0 0.0 1.0 0.0 0.0 0.0
0.0 0.0 0.0 1.0 0.0 0.0 0.0
0.0 0.0 0.0 1.0 0.0 0.0 0.0
0.0 0.0 0.0 1.0 0.0 0.0 0.0
0.0 0.0 0.0 1.0 0.0 0.0 0.0
0.0 0.0 0.0 1.0 0.0 0.0 0.0
0.0 0.0 0.0 0.9988299608230591 0.0 0.0 -0.005882089026272297
0.0 0.0 0.0 0.9997090697288513 -1.1497259038151242e-05 0.0 -0.0014628050848841667
0.0 0.0 0.0 0.9997091889381409 0.0014628503704443574 2.3048006558834544e-10 2.9802322387695312e-08
0.0 3.068771459169284e-09 -0.06148255616426468 1.0 0.0 0.0 0.0
0.0 0.0 0.0 1.0 0.0 0.0 0.0
0.0 0.0 0.0 1.0 0.0 0.0 0.0
-0.015290447510778904 -4.556908628217116e-09 0.0 1.0 0.0 0.0 0.0
0.0 0.0 0.0 1.0 0.0 0.0 0.0
0.0 0.0 0.0 1.0 0.0 0.0 0.0
0.0 0.0 0.0 1.0 0.0 0.0 0.0
0.0 0.0 0.0 1.0 0.0 0.0 0.0
0.0 0.0 0.0 1.0 0.0 0.0 0.0
0.0 0.0 0.0 1.0 0.0 0.0 0.0
0.0 0.0 0.0 1.0 0.0 0.0 0.0
0.0 0.0 0.0 1.0 0.0 0.0 0.0
0.0 0.0 0.0 0.995297908782959 0.0 0.0 -0.023639114573597908
0.0 0.0 0.0 0.9988299608230591 -4.623023050953634e-05 0.0 -0.005881907418370247
0.0 0.0 0.0 0.9988300800323486 0.0058820899575948715 2.3048006558834544e-10 2.9802322387695312e-08
0.0 1.2332869836484406e-08 -0.24708794057369232 1.0 0.0 0.0 0.0
0.0 0.0 0.0 1.0 0.0 0.0 0.0
0.0 0.0 0.0 1.0 0.0 0.0 0.0
-0.06148255616426468 -1.8323229156180787e-08 0.0 1.0 0.0 0.0 0.0
0.0 0.0 0.0 1.0 0.0 0.0 0.0
0.0 0.0 0.0 1.0 0.0 0.0 0.0
0.0 0.0 0.0 1.0 0.0 0.0 0.0
0.0 0.0 0.0 1.0 0.0 0.0 0.0
0.0 0.0 0.0 1.0 0.0 0.0 0.0
0.0 0.0 0.0 1.0 0.0 0.0 0.0
0.0 0.0 0.0 1.0 0.0 0.0 0.0
0.0 0.0 0.0 1.0 0.0 0.0 0.0
0.0 0.0 0.0 0.9894737005233765 0.0 0.0 -0.052919164299964905
0.0 0.0 0.0 0.9973584413528442 -0.0001043729716911912 0.0 -0.013279452919960022
0.0 0.0 0.0 0.9973585605621338 0.013279865495860577 2.3048006558834544e-10 2.9802322387695312e-08
0.0 2.7608701103076783e-08 -0.5531377792358398 1.0 0.0 0.0 0.0
0.0 0.0 0.0 1.0 0.0 0.0 0.0
0.0 0.0 0.0 1.0 0.0 0.0 0.0
-0.13880780339241028 -4.136795084264122e-08 0.0 1.0 0.0 0.0 0.0
0.0 0.0 0.0 1.0 0.0 0.0 0.0
0.0 0.0 0.0 1.0 0.0 0.0 0.0
0.0 0.0 0.0 1.0 0.0 0.0 0.0
0.0 0.0 0.0 1.0 0.0 0.0 0.0
0.0 0.0 0.0 1.0 0.0 0.0 0.0
0.0 0.0 0.0 1.0 0.0 0.0 0.0
0.0 0.0 0.0 1.0 0.0 0.0 0.0
0.0 0.0 0.0 1.0 0.0 0.0 0.0
0.0 0.0 0.0 0.9816128611564636 0.0 0.0 -0.09243838489055634
0.0 0.0 0.0 0.995297908782959 -0.00018579141760710627 0.0 -0.02363838627934456
0.0 0.0 0.0 0.9952980279922485 0.023639118298888206 2.3048006558834544e-10 2.9802322387695312e-08
0.0 4.822645038871087e-08 -0.9662126302719116 1.0 0.0 0.0 0.0
0.0 0.0 0.0 1.0 0.0 0.0 0.0
0.0 0.0 0.0 1.0 0.0 0.0 0.0
-0.24708794057369232 -7.363794196635354e-08 0.0 1.0 0.0 0.0 0.0
0.0 0.0 0.0 1.0 0.0 0.0 0.0
0.0 0.0 0.0 1.0 0.0 0.0 0.0
0.0 0.0 0.0 1.0 0.0 0.0 0.0
0.0 0.0 0.0 1.0 0.0 0.0 0.0
0.0 0.0 0.0 1.0 0.0 0.0 0.0
0.0 0.0 0.0 1.0 0.0 0.0 0.0
0.0 0.0 0.0 1.0 0.0 0.0 0.0
0.0 0.0 0.0 1.0 0.0 0.0 0.0
0.0 0.0 0.0 0.9721994996070862 0.0 0.0 -0.1397625356912613
0.0 0.0 0.0 0.9926613569259644 -0.00028996667242608964 0.0 -0.03689268231391907
0.0 0.0 0.0 0.9926614761352539 0.036893825978040695 2.3048006558834544e-10 2.9802322387695312e-08
0.0 7.291615133908635e-08 -1.4608685970306396 1.0 0.0 0.0 0.0
0.0 0.0 0.0 1.0 0.0 0.0 0.0
0.0 0.0 0.0 1.0 0.0 0.0 0.0
-0.38563281297683716 -1.1492753060338146e-07 0.0 1.0 0.0 0.0 0.0
0.0 0.0 0.0 1.0 0.0 0.0 0.0
0.0 0.0 0.0 1.0 0.0 0.0 0.0
0.0 0.0 0.0 1.0 0.0 0.0 0.0
0.0 0.0 0.0 1.0 0.0 0.0 0.0
0.0 0.0 0.0 1.0 0.0 0.0 0.0
0.0 0.0 0.0 1.0 0.0 0.0 0.0
0.0 0.0 0.0 1.0 0.0 0.0 0.0
0.0 0.0 0.0 1.0 0.0 0.0 0.0
0.0 0.0 0.0 0.9619397521018982 0.0 0.0 -0.19134172797203064
0.0 0.0 0.0 0.9894737005233765 -0.0004159177769906819 0.0 -0.05291753634810448
0.0 0.0 0.0 0.989473819732666 0.0529191792011261 2.3048006558834544e-10 2.9802322387695312e-08
0.0 9.982576187894665e-08 -2.0 1.0 0.0 0.0 0.0
0.0 0.0 0.0 1.0 0.0 0.0 0.0
0.0 0.0 0.0 1.0 0.0 0.0 0.0
-0.5531377792358398 -1.6484790421600337e-07 0.0 1.0 0.0 0.0 0.0
0.0 0.0 0.0 1.0 0.0 0.0 0.0
0.0 0.0 0.0 1.0 0.0 0.0 0.0
0.0 0.0 0.0 1.0 0.0 0.0 0.0
0.0 0.0 0.0 1.0 0.0 0.0 0.0
0.0 0.0 0.0 1.0 0.0 0.0 0.0
0.0 0.0 0.0 1.0 0.0 0.0 0.0
0.0 0.0 0.0 1.0 0.0 0.0 0.0
0.0 0.0 0.0 1.0 0.0 0.0 0.0
0.0 0.0 0.0 0.9516800045967102 0.0 0.0 -0.24292093515396118
0.0 0.0 0.0 0.9857732653617859 -0.0005621328018605709 0.0 -0.07152058929204941
0.0 0.0 0.0 0.9857733845710754 0.0715228021144867 2.3048006558834544e-10 2.9802322387695312e-08
0.0 1.2673538662966166e-07 -2.5391316413879395 1.0 0.0 0.0 0.0
0.0 0.0 0.0 1.0 0.0 0.0 0.0
0.0 0.0 0.0 1.0 0.0 0.0 0.0
-0.7475922703742981 -2.2279985500972543e-07 0.0 1.0 0.0 0.0 0.0
0.0 0.0 0.0 1.0 0.0 0.0 0.0
0.0 0.0 0.0 1.0 0.0 0.0 0.0
0.0 0.0 0.0 1.0 0.0 0.0 0.0
0.0 0.0 0.0 1.0 0.0 0.0 0.0
0.0 0.0 0.0 1.0 0.0 0.0 0.0
0.0 0.0 0.0 1.0 0.0 0.0 0.0
0.0 0.0 0.0 1.0 0.0 0.0 0.0
0.0 0.0 0.0 1.0 0.0 0.0 0.0
0.0 0.0 0.0 0.9422667026519775 0.0 0.0 -0.29024505615234375
0.0 0.0 0.0 0.9816128611564636 -0.0007265186868607998 0.0 -0.09243553876876831
0.0 0.0 0.0 0.9816129803657532 0.09243839979171753 2.3048006558834544e-10 2.9802322387695312e-08
0.0 1.5142506981646875e-07 -3.033787250518799 1.0 0.0 0.0 0.0
0.0 0.0 0.0 1.0 0.0 0.0 0.0
0.0 0.0 0.0 1.0 0.0 0.0 0.0
-0.9662126302719116 -2.879537817079836e-07 0.0 1.0 0.0 0.0 0.0
0.0 0.0 0.0 1.0 0.0 0.0 0.0
0.0 0.0 0.0 1.0 0.0 0.0 0.0
0.0 0.0 0.0 1.0 0.0 0.0 0.0
0.0 0.0 0.0 1.0 0.0 0.0 0.0
0.0 0.0 0.0 1.0 0.0 0.0 0.0
0.0 0.0 0.0 1.0 0.0 0.0 0.0
0.0 0.0 0.0 1.0 0.0 0.0 0.0
0.0 0.0 0.0 1.0 0.0 0.0 0.0
0.0 0.0 0.0 0.9344058632850647 0.0 0.0 -0.32976433634757996
0.0 0.0 0.0 0.9770607352256775 -0.0009063837351277471 0.0 -0.11531990766525269
0.0 0.0 0.0 0.977060854434967 0.11532348394393921 2.3048006558834544e-10 2.9802322387695312e-08
0.0 1.7204285995831015e-07 -3.4468626976013184 1.0 0.0 0.0 0.0
0.0 0.0 0.0 1.0 0.0 0.0 0.0
0.0 0.0 0.0 1.0 0.0 0.0 0.0
-1.2054188251495361 -3.5924281860388874e-07 0.0 1.0 0.0 0.0 0.0
0.0 0.0 0.0 1.0 0.0 0.0 0.0
0.0 0.0 0.0 1.0 0.0 0.0 0.0
0.0 0.0 0.0 1.0 0.0 0.0 0.0
0.0 0.0 0.0 1.0 0.0 0.0 0.0
0.0 0.0 0.0 1.0 0.0 0.0 0.0
0.0 0.0 0.0 1.0 0.0 0.0 0.0
0.0 0.0 0.0 1.0 0.0 0.0 0.0
0.0 0.0 0.0 1.0 0.0 0.0 0.0
0.0 0.0 0.0 0.9285816550254822 0.0 0.0 -0.3590443432331085
0.0 0.0 0.0 0.9721994996070862 -0.0010984624968841672 0.0 -0.13975821435451508
0.0 0.0 0.0 0.9721996188163757 0.13976256549358368 2.3048006558834544e-10 2.9802322387695312e-08
0.0 1.8731864770415996e-07 -3.7529115676879883 1.0 0.0 0.0 0.0
0.0 0.0 0.0 1.0 0.0 0.0 0.0
0.0 0.0 0.0 1.0 0.0 0.0 0.0
-1.4608685970306396 -4.353727263151086e-07 0.0 1.0 0.0 0.0 0.0
0.0 0.0 0.0 1.0 0.0 0.0 0.0
0.0 0.0 0.0 1.0 0.0 0.0 0.0
0.0 0.0 0.0 1.0 0.0 0.0 0.0
0.0 0.0 0.0 1.0 0.0 0.0 0.0
0.0 0.0 0.0 1.0 0.0 0.0 0.0
0.0 0.0 0.0 1.0 0.0 0.0 0.0
0.0 0.0 0.0 1.0 0.0 0.0 0.0
0.0 0.0 0.0 1.0 0.0 0.0 0.0
0.0 0.0 0.0 0.9250496029853821 0.0 0.0 -0.37680137157440186
0.0 0.0 0.0 0.967124342918396 -0.001298993593081832 0.0 -0.16527193784713745
0.0 0.0 0.0 0.9671244621276855 0.16527707874774933 2.3048006558834544e-10 2.9802322387695312e-08
0.0 1.96582760736419e-07 -3.9385175704956055 1.0 0.0 0.0 0.0
0.0 0.0 0.0 1.0 0.0 0.0 0.0
0.0 0.0 0.0 1.0 0.0 0.0 0.0
-1.727558970451355 -5.148526724951807e-07 0.0 1.0 0.0 0.0 0.0
0.0 0.0 0.0 1.0 0.0 0.0 0.0
0.0 0.0 0.0 1.0 0.0 0.0 0.0
0.0 0.0 0.0 1.0 0.0 0.0 0.0
0.0 0.0 0.0 1.0 0.0 0.0 0.0
0.0 0.0 0.0 1.0 0.0 0.0 0.0
0.0 0.0 0.0 1.0 0.0 0.0 0.0
0.0 0.0 0.0 1.0 0.0 0.0 0.0
0.0 0.0 0.0 1.0 0.0 0.0 0.0
0.0 0.0 0.0 0.9238795638084412 0.0 0.0 -0.3826834559440613
0.0 0.0 0.0 0.9619397521018982 -0.0015038485871627927 0.0 -0.19133581221103668
0.0 0.0 0.0 0.961939811706543 0.19134175777435303 2.3048006558834544e-10 2.9802322387695312e-08
2.390191866652458e-08 1.996515237578933e-07 -4.0 1.0 0.0 0.0 0.0
0.0 0.0 0.0 1.0 0.0 0.0 0.0
0.0 0.0 0.0 1.0 0.0 0.0 0.0
-2.0 -5.960464477539062e-07 0.0 1.0 0.0 0.0 0.0
0.0 0.0 0.0 1.0 0.0 0.0 0.0
0.0 0.0 0.0 1.0 0.0 0.0 0.0
0.0 0.0 0.0 1.0 0.0 0.0 0.0
0.0 0.0 0.0 1.0 0.0 0.0 0.0
0.0 0.0 0.0 1.0 0.0 0.0 0.0
0.0 0.0 0.0 1.0 0.0 0.0 0.0
0.0 0.0 0.0 1.0 0.0 0.0 0.0
0.0 0.0 0.0 1.0 0.0 0.0 0.0
0.0 0.0 0.0 0.9238795638084412 0.0 0.0 -0.37975776195526123
0.0 0.0 0.0 0.9567552208900452 -0.001708703814074397 0.0 -0.2173997163772583
0.0 0.0 0.0 0.9567552804946899 0.2174064815044403 2.3048006558834544e-10 2.9802322387695312e-08
2.390191866652458e-08 1.996515237578933e-07 -3.969419002532959 1.0 0.0 0.0 0.0
0.0 0.0 0.0 1.0 0.0 0.0 0.0
0.0 0.0 0.0 1.0 0.0 0.0 0.0
-2.2724413871765137 -6.772403366994695e-07 0.0 1.0 0.0 0.0 0.0
0.0 0.0 0.0 1.0 0.0 0.0 0.0
0.0 0.0 0.0 1.0 0.0 0.0 0.0
0.0 0.0 0.0 1.0 0.0 0.0 0.0
0.0 0.0 0.0 1.0 0.0 0.0 0.0
0.0 0.0 0.0 1.0 0.0 0.0 0.0
0.0 0.0 0.0 1.0 0.0 0.0 0.0
0.0 0.0 0.0 1.0 0.0 0.0 0.0
0.0 0.0 0.0 1.0 0.0 0.0 0.0
0.0 0.0 0.0 0.9238795638084412 0.0 0.0 -0.37091928720474243
0.0 0.0 0.0 0.9516800045967102 -0.0019092350266873837 0.0 -0.24291342496871948
0.0 0.0 0.0 0.9516801238059998 0.24292097985744476 2.3048006558834544e-10 2.9802322387695312e-08
2.390191866652458e-08 1.996515237578933e-07 -3.877034902572632 1.0 0.0 0.0 0.0
0.0 0.0 0.0 1.0 0.0 0.0 0.0
0.0 0.0 0.0 1.0 0.0 0.0 0.0
-2.5391316413879395 -7.567202260361228e-07 0.0 1.0 0.0 0.0 0.0
0.0 0.0 0.0 1.0 0.0 0.0 0.0
0.0 0.0 0.0 1.0 0.0 0.0 0.0
0.0 0.0 0.0 1.0 0.0 0.0 0.0
0.0 0.0 0.0 1.0 0.0 0.0 0.0
0.0 0.0 0.0 1.0 0.0 0.0 0.0
0.0 0.0 0.0 1.0 0.0 0.0 0.0
0.0 0.0 0.0 1.0 0.0 0.0 0.0
0.0 0.0 0.0 1.0 0.0 0.0 0.0
0.0 0.0 0.0 0.9238795638084412 0.0 0.0 -0.3561237156391144
0.0 0.0 0.0 0.9468188285827637 -0.002101313788443804 0.0 -0.26735174655914307
0.0 0.0 0.0 0.9468188881874084 0.2673600912094116 2.3048006558834544e-10 2.9802322387695312e-08
2.390191866652458e-08 1.996515237578933e-07 -3.722384452819824 1.0 0.0 0.0 0.0
0.0 0.0 0.0 1.0 0.0 0.0 0.0
0.0 0.0 0.0 1.0 0.0 0.0 0.0
-2.794581651687622 -8.328501621690521e-07 0.0 1.0 0.0 0.0 0.0
0.0 0.0 0.0 1.0 0.0 0.0 0.0
0.0 0.0 0.0 1.0 0.0 0.0 0.0
0.0 0.0 0.0 1.0 0.0 0.0 0.0
0.0 0.0 0.0 1.0 0.0 0.0 0.0
0.0 0.0 0.0 1.0 0.0 0.0 0.0
0.0 0.0 0.0 1.0 0.0 0.0 0.0
0.0 0.0 0.0 1.0 0.0 0.0 0.0
0.0 0.0 0.0 1.0 0.0 0.0 0.0
0.0 0.0 0.0 0.9238795638084412 0.0 0.0 -0.33540523052215576
0.0 0.0 0.0 0.9422667026519775 -0.0022811787202954292 0.0 -0.29023611545562744
0.0 0.0 0.0 0.9422667622566223 0.2902451157569885 2.3048006558834544e-10 2.9802322387695312e-08
2.390191866652458e-08 1.996515237578933e-07 -3.505824327468872 1.0 0.0 0.0 0.0
0.0 0.0 0.0 1.0 0.0 0.0 0.0
0.0 0.0 0.0 1.0 0.0 0.0 0.0
-3.033787250518799 -9.041391422215383e-07 0.0 1.0 0.0 0.0 0.0
0.0 0.0 0.0 1.0 0.0 0.0 0.0
0.0 0.0 0.0 1.0 0.0 0.0 0.0
0.0 0.0 0.0 1.0 0.0 0.0 0.0
0.0 0.0 0.0 1.0 0.0 0.0 0.0
0.0 0.0 0.0 1.0 0.0 0.0 0.0
0.0 0.0 0.0 1.0 0.0 0.0 0.0
0.0 0.0 0.0 1.0 0.0 0.0 0.0
0.0 0.0 0.0 1.0 0.0 0.0 0.0
0.0 0.0 0.0 0.9238795638084412 0.0 0.0 -0.3088958263397217
0.0 0.0 0.0 0.9381062984466553 -0.002445564605295658 0.0 -0.31115102767944336
0.0 0.0 0.0 0.9381063580513 0.31116077303886414 2.3048006558834544e-10 2.9802322387695312e-08
2.390191866652458e-08 1.996515237578933e-07 -3.2287344932556152 1.0 0.0 0.0 0.0
0.0 0.0 0.0 1.0 0.0 0.0 0.0
0.0 0.0 0.0 1.0 0.0 0.0 0.0
-3.252408027648926 -9.692930689197965e-07 0.0 1.0 0.0 0.0 0.0
0.0 0.0 0.0 1.0 0.0 0.0 0.0
0.0 0.0 0.0 1.0 0.0 0.0 0.0
0.0 0.0 0.0 1.0 0.0 0.0 0.0
0.0 0.0 0.0 1.0 0.0 0.0 0.0
0.0 0.0 0.0 1.0 0.0 0.0 0.0
0.0 0.0 0.0 1.0 0.0 0.0 0.0
0.0 0.0 0.0 1.0 0.0 0.0 0.0
0.0 0.0 0.0 1.0 0.0 0.0 0.0
0.0 0.0 0.0 0.9238795638084412 0.0 0.0 -0.27684512734413147
0.0 0.0 0.0 0.9344058632850647 -0.002591779688373208 0.0 -0.32975414395332336
0.0 0.0 0.0 0.9344059228897095 0.32976436614990234 2.3048006558834544e-10 2.9802322387695312e-08
2.390191866652458e-08 1.996515237578933e-07 -2.8937246799468994 1.0 0.0 0.0 0.0
0.0 0.0 0.0 1.0 0.0 0.0 0.0
0.0 0.0 0.0 1.0 0.0 0.0 0.0
-3.4468626976013184 -1.0272451618220657e-06 0.0 1.0 0.0 0.0 0.0
0.0 0.0 0.0 1.0 0.0 0.0 0.0
0.0 0.0 0.0 1.0 0.0 0.0 0.0
0.0 0.0 0.0 1.0 0.0 0.0 0.0
0.0 0.0 0.0 1.0 0.0 0.0 0.0
0.0 0.0 0.0 1.0 0.0 0.0 0.0
0.0 0.0 0.0 1.0 0.0 0.0 0.0
0.0 0.0 0.0 1.0 0.0 0.0 0.0
0.0 0.0 0.0 1.0 0.0 0.0 0.0
0.0 0.0 0.0 0.9238795638084412 0.0 0.0 -0.23963788151741028
0.0 0.0 0.0 0.9312182068824768 -0.0027177303563803434 0.0 -0.3457789421081543
0.0 0.0 0.0 0.9312182664871216 0.34578967094421387 2.3048006558834544e-10 2.9802322387695312e-08
2.390191866652458e-08 1.996515237578933e-07 -2.5048158168792725 1.0 0.0 0.0 0.0
0.0 0.0 0.0 1.0 0.0 0.0 0.0
0.0 0.0 0.0 1.0 0.0 0.0 0.0
-3.6143674850463867 -1.0771652796393028e-06 0.0 1.0 0.0 0.0 0.0
0.0 0.0 0.0 1.0 0.0 0.0 0.0
0.0 0.0 0.0 1.0 0.0 0.0 0.0
0.0 0.0 0.0 1.0 0.0 0.0 0.0
0.0 0.0 0.0 1.0 0.0 0.0 0.0
0.0 0.0 0.0 1.0 0.0 0.0 0.0
0.0 0.0 0.0 1.0 0.0 0.0 0.0
0.0 0.0 0.0 1.0 0.0 0.0 0.0
0.0 0.0 0.0 1.0 0.0 0.0 0.0
0.0 0.0 0.0 0.9238795638084412 0.0 0.0 -0.19780667126178741
0.0 0.0 0.0 0.9285816550254822 -0.0028219055384397507 0.0 -0.3590332269668579
0.0 0.0 0.0 0.9285817742347717 0.3590443730354309 2.3048006558834544e-10 2.9802322387695312e-08
2.390191866652458e-08 1.996515237578933e-07 -2.067574977874756 1.0 0.0 0.0 0.0
0.0 0.0 0.0 1.0 0.0 0.0 0.0
0.0 0.0 0.0 1.0 0.0 0.0 0.0
-3.7529115676879883 -1.118454974857741e-06 0.0 1.0 0.0 0.0 0.0
0.0 0.0 0.0 1.0 0.0 0.0 0.0
0.0 0.0 0.0 1.0 0.0 0.0 0.0
0.0 0.0 0.0 1.0 0.0 0.0 0.0
0.0 0.0 0.0 1.0 0.0 0.0 0.0
0.0 0.0 0.0 1.0 0.0 0.0 0.0
0.0 0.0 0.0 1.0 0.0 0.0 0.0
0.0 0.0 0.0 1.0 0.0 0.0 0.0
0.0 0.0 0.0 1.0 0.0 0.0 0.0
0.0 0.0 0.0 0.9238795638084412 0.0 0.0 -0.15203654766082764
0.0 0.0 0.0 0.9265211224555969 -0.0029033240862190723 0.0 -0.36939215660095215
0.0 0.0 0.0 0.9265211224555969 0.3694036602973938 2.3048006558834544e-10 2.9802322387695312e-08
2.390191866652458e-08 1.996515237578933e-07 -1.5891625881195068 1.0 0.0 0.0 0.0
0.0 0.0 0.0 1.0 0.0 0.0 0.0
0.0 0.0 0.0 1.0 0.0 0.0 0.0
-3.861192226409912 -1.150724870058184e-06 0.0 1.0 0.0 0.0 0.0
0.0 0.0 0.0 1.0 0.0 0.0 0.0
0.0 0.0 0.0 1.0 0.0 0.0 0.0
0.0 0.0 0.0 1.0 0.0 0.0 0.0
0.0 0.0 0.0 1.0 0.0 0.0 0.0
0.0 0.0 0.0 1.0 0.0 0.0 0.0
0.0 0.0 0.0 1.0 0.0 0.0 0.0
0.0 0.0 0.0 1.0 0.0 0.0 0.0
0.0 0.0 0.0 1.0 0.0 0.0 0.0
0.0 0.0 0.0 0.9238795638084412 0.0 0.0 -0.10315839946269989
0.0 0.0 0.0 0.9250496029853821 -0.0029614665545523167 0.0 -0.3767896890640259
0.0 0.0 0.0 0.9250496625900269 0.37680143117904663 2.3048006558834544e-10 2.9802322387695312e-08
2.390191866652458e-08 1.996515237578933e-07 -1.0782636404037476 1.0 0.0 0.0 0.0
0.0 0.0 0.0 1.0 0.0 0.0 0.0
0.0 0.0 0.0 1.0 0.0 0.0 0.0
-3.9385175704956055 -1.1737695331248688e-06 0.0 1.0 0.0 0.0 0.0
0.0 0.0 0.0 1.0 0.0 0.0 0.0
0.0 0.0 0.0 1.0 0.0 0.0 0.0
0.0 0.0 0.0 1.0 0.0 0.0 0.0
0.0 0.0 0.0 1.0 0.0 0.0 0.0
0.0 0.0 0.0 1.0 0.0 0.0 0.0
0.0 0.0 0.0 1.0 0.0 0.0 0.0
0.0 0.0 0.0 1.0 0.0 0.0 0.0
0.0 0.0 0.0 1.0 0.0 0.0 0.0
0.0 0.0 0.0 0.9238795638084412 0.0 0.0 -0.0521293580532074
0.0 0.0 0.0 0.9241706132888794 -0.002996200229972601 0.0 -0.38120877742767334
0.0 0.0 0.0 0.9241706132888794 0.38122063875198364 2.3048006558834544e-10 2.9802322387695312e-08
2.390191866652458e-08 1.996515237578933e-07 -0.5448821783065796 1.0 0.0 0.0 0.0
0.0 0.0 0.0 1.0 0.0 0.0 0.0
0.0 0.0 0.0 1.0 0.0 0.0 0.0
-3.9847092628479004 -1.1875358723045792e-06 0.0 1.0 0.0 0.0 0.0
0.0 0.0 0.0 1.0 0.0 0.0 0.0
0.0 0.0 0.0 1.0 0.0 0.0 0.0
0.0 0.0 0.0 1.0 0.0 0.0 0.0
0.0 0.0 0.0 1.0 0.0 0.0 0.0
0.0 0.0 0.0 1.0 0.0 0.0 0.0
0.0 0.0 0.0 1.0 0.0 0.0 0.0
0.0 0.0 0.0 1.0 0.0 0.0 0.0
0.0 0.0 0.0 1.0 0.0 0.0 0.0
0.0 0.0 0.0 0.9238795638084412 0.0 0.0 2.9802322387695312e-08
0.0 0.0 0.0 0.9238795638084412 -0.0030076971743255854 -5.903429567410967e-08 -0.38267162442207336
0.0 0.0 0.0 0.9238796234130859 0.38268351554870605 6.0710441118772e-09 3.5686404942225636e-08
2.390191866652458e-08 1.996515237578933e-07 0.0 1.0 0.0 0.0 0.0
0.0 0.0 0.0 1.0 0.0 0.0 0.0
0.0 0.0 0.0 1.0 0.0 0.0 0.0
-4.0 -1.1920928955078125e-06 -3.0122464522719383e-09 1.0 0.0 0.0 0.0
0.0 0.0 0.0 1.0 0.0 0.0 0.0
0.0 0.0 0.0 1.0 0.0 0.0 0.0
0.0 0.0 0.0 1.0 0.0 0.0 0.0
0.0 0.0 0.0 1.0 0.0 0.0 0.0
0.0 0.0 0.0 1.0 0.0 0.0 0.0
0.0 0.0 0.0 1.0 0.0 0.0 0.0
0.0 0.0 0.0 1.0 0.0 0.0 0.0
0.0 0.0 0.0 1.0 0.0 0.0 0.0
0.0 0.0 0.0 0.9238795638084412 0.0 0.0 0.0521293580532074
0.0 0.0 0.0 0.9241704940795898 -0.0029961999971419573 -5.903429567410967e-08 -0.3812088370323181
0.0 0.0 0.0 0.9241705536842346 0.38122066855430603 6.0710441118772e-09 3.5686404942225636e-08
2.390191866652458e-08 1.996515237578933e-07 0.54488205909729 1.0 0.0 0.0 0.0
0.0 0.0 0.0 1.0 0.0 0.0 0.0
0.0 0.0 0.0 1.0 0.0 0.0 0.0
-3.9847095012664795 -1.187535985991417e-06 -3.0122464522719383e-09 1.0 0.0 0.0 0.0
0.0 0.0 0.0 1.0 0.0 0.0 0.0
0.0 0.0 0.0 1.0 0.0 0.0 0.0
0.0 0.0 0.0 1.0 0.0 0.0 0.0
0.0 0.0 0.0 1.0 0.0 0.0 0.0
0.0 0.0 0.0 1.0 0.0 0.0 0.0
0.0 0.0 0.0 1.0 0.0 0.0 0.0
0.0 0.0 0.0 1.0 0.0 0.0 0.0
0.0 0.0 0.0 1.0 0.0 0.0 0.0
0.0 0.0 0.0 0.9238795638084412 0.0 0.0 0.10315844416618347
0.0 0.0 0.0 0.9250496029853821 -0.002961467020213604 -5.903429567410967e-08 -0.37678971886634827
0.0 0.0 0.0 0.9250496625900269 0.37680140137672424 6.0710441118772e-09 3.5686404942225636e-08
2.390191866652458e-08 1.996515237578933e-07 1.078263521194458 1.0 0.0 0.0 0.0
0.0 0.0 0.0 1.0 0.0 0.0 0.0
0.0 0.0 0.0 1.0 0.0 0.0 0.0
-3.9385173320770264 -1.1737696468117065e-06 -3.0122464522719383e-09 1.0 0.0 0.0 0.0
0.0 0.0 0.0 1.0 0.0 0.0 0.0
0.0 0.0 0.0 1.0 0.0 0.0 0.0
0.0 0.0 0.0 1.0 0.0 0.0 0.0
0.0 0.0 0.0 1.0 0.0 0.0 0.0
0.0 0.0 0.0 1.0 0.0 0.0 0.0
0.0 0.0 0.0 1.0 0.0 0.0 0.0
0.0 0.0 0.0 1.0 0.0 0.0 0.0
0.0 0.0 0.0 1.0 0.0 0.0 0.0
0.0 0.0 0.0 0.9238795638084412 0.0 0.0 0.1520366370677948
0.0 0.0 0.0 0.9265211224555969 -0.002903324319049716 -5.903429567410967e-08 -0.36939218640327454
0.0 0.0 0.0 0.9265211820602417 0.3694036602973938 6.0710441118772e-09 3.5686404942225636e-08
2.390191866652458e-08 1.996515237578933e-07 1.5891633033752441 1.0 0.0 0.0 0.0
0.0 0.0 0.0 1.0 0.0 0.0 0.0
0.0 0.0 0.0 1.0 0.0 0.0 0.0
-3.861191987991333 -1.1507249837450217e-06 -3.0122464522719383e-09 1.0 0.0 0.0 0.0
0.0 0.0 0.0 1.0 0.0 0.0 0.0
0.0 0.0 0.0 1.0 0.0 0.0 0.0
0.0 0.0 0.0 1.0 0.0 0.0 0.0
0.0 0.0 0.0 1.0 0.0 0.0 0.0
0.0 0.0 0.0 1.0 0.0 0.0 0.0
0.0 0.0 0.0 1.0 0.0 0.0 0.0
0.0 0.0 0.0 1.0 0.0 0.0 0.0
0.0 0.0 0.0 1.0 0.0 0.0 0.0
0.0 0.0 0.0 0.9238795638084412 0.0 0.0 0.197806715965271
0.0 0.0 0.0 0.9285816550254822 -0.0028219057712703943 -5.903429567410967e-08 -0.3590332269668579
0.0 0.0 0.0 0.928581714630127 0.3590444028377533 6.0710441118772e-09 3.5686404942225636e-08
2.390191866652458e-08 1.996515237578933e-07 2.0675745010375977 1.0 0.0 0.0 0.0
0.0 0.0 0.0 1.0 0.0 0.0 0.0
0.0 0.0 0.0 1.0 0.0 0.0 0.0
-3.7529120445251465 -1.118454974857741e-06 -3.0122464522719383e-09 1.0 0.0 0.0 0.0
0.0 0.0 0.0 1.0 0.0 0.0 0.0
0.0 0.0 0.0 1.0 0.0 0.0 0.0
0.0 0.0 0.0 1.0 0.0 0.0 0.0
0.0 0.0 0.0 1.0 0.0 0.0 0.0
0.0 0.0 0.0 1.0 0.0 0.0 0.0
0.0 0.0 0.0 1.0 0.0 0.0 0.0
0.0 0.0 0.0 1.0 0.0 0.0 0.0
0.0 0.0 0.0 1.0 0.0 0.0 0.0
0.0 0.0 0.0 0.9238795638084412 0.0 0.0 0.23963791131973267
0.0 0.0 0.0 0.931218147277832 -0.002717730589210987 -5.903429567410967e-08 -0.3457789421081543
0.0 0.0 0.0 0.9312182664871216 0.34578970074653625 6.0710441118772e-09 3.5686404942225636e-08
2.390191866652458e-08 1.996515237578933e-07 2.5048160552978516 1.0 0.0 0.0 0.0
0.0 0.0 0.0 1.0 0.0 0.0 0.0
0.0 0.0 0.0 1.0 0.0 0.0 0.0
-3.6143672466278076 -1.0771653933261405e-06 -3.0122464522719383e-09 1.0 0.0 0.0 0.0
0.0 0.0 0.0 1.0 0.0 0.0 0.0
0.0 0.0 0.0 1.0 0.0 0.0 0.0
0.0 0.0 0.0 1.0 0.0 0.0 0.0
0.0 0.0 0.0 1.0 0.0 0.0 0.0
0.0 0.0 0.0 1.0 0.0 0.0 0.0
0.0 0.0 0.0 1.0 0.0 0.0 0.0
0.0 0.0 0.0 1.0 0.0 0.0 0.0
0.0 0.0 0.0 1.0 0.0 0.0 0.0
0.0 0.0 0.0 0.9238795638084412 0.0 0.0 0.27684521675109863
0.0 0.0 0.0 0.9344058632850647 -0.0025917794555425644 -5.903429567410967e-08 -0.329754114151001
0.0 0.0 0.0 0.9344059228897095 0.32976433634757996 6.0710441118772e-09 3.5686404942225636e-08
2.390191866652458e-08 1.996515237578933e-07 2.8937244415283203 1.0 0.0 0.0 0.0
0.0 0.0 0.0 1.0 0.0 0.0 0.0
0.0 0.0 0.0 1.0 0.0 0.0 0.0
-3.44686222076416 -1.027245048135228e-06 -3.0122464522719383e-09 1.0 0.0 0.0 0.0
0.0 0.0 0.0 1.0 0.0 0.0 0.0
0.0 0.0 0.0 1.0 0.0 0.0 0.0
0.0 0.0 0.0 1.0 0.0 0.0 0.0
0.0 0.0 0.0 1.0 0.0 0.0 0.0
0.0 0.0 0.0 1.0 0.0 0.0 0.0
0.0 0.0 0.0 1.0 0.0 0.0 0.0
0.0 0.0 0.0 1.0 0.0 0.0 0.0
0.0 0.0 0.0 1.0 0.0 0.0 0.0
0.0 0.0 0.0 0.9238795638084412 0.0 0.0 0.30889588594436646
0.0 0.0 0.0 0.9381062984466553 -0.0024455643724650145 -5.903429567410967e-08 -0.31115105748176575
0.0 0.0 0.0 0.9381063580513 0.31116071343421936 6.0710441118772e-09 3.5686404942225636e-08
2.390191866652458e-08 1.996515237578933e-07 3.2287349700927734 1.0 0.0 0.0 0.0
0.0 0.0 0.0 1.0 0.0 0.0 0.0
0.0 0.0 0.0 1.0 0.0 0.0 0.0
-3.2524077892303467 -9.692930689197965e-07 -3.0122464522719383e-09 1.0 0.0 0.0 0.0
0.0 0.0 0.0 1.0 0.0 0.0 0.0
0.0 0.0 0.0 1.0 0.0 0.0 0.0
0.0 0.0 0.0 1.0 0.0 0.0 0.0
0.0 0.0 0.0 1.0 0.0 0.0 0.0
0.0 0.0 0.0 1.0 0.0 0.0 0.0
0.0 0.0 0.0 1.0 0.0 0.0 0.0
0.0 0.0 0.0 1.0 0.0 0.0 0.0
0.0 0.0 0.0 1.0 0.0 0.0 0.0
0.0 0.0 0.0 0.9238795638084412 0.0 0.0 0.33540529012680054
0.0 0.0 0.0 0.9422666430473328 -0.0022811787202954292 -5.903429567410967e-08 -0.29023611545562744
0.0 0.0 0.0 0.9422667622566223 0.2902451157569885 6.0710441118772e-09 3.5686404942225636e-08
2.390191866652458e-08 1.996515237578933e-07 3.5058250427246094 1.0 0.0 0.0 0.0
0.0 0.0 0.0 1.0 0.0 0.0 0.0
0.0 0.0 0.0 1.0 0.0 0.0 0.0
-3.033787488937378 -9.041391422215383e-07 -3.0122464522719383e-09 1.0 0.0 0.0 0.0
0.0 0.0 0.0 1.0 0.0 0.0 0.0
0.0 0.0 0.0 1.0 0.0 0.0 0.0
0.0 0.0 0.0 1.0 0.0 0.0 0.0
0.0 0.0 0.0 1.0 0.0 0.0 0.0
0.0 0.0 0.0 1.0 0.0 0.0 0.0
0.0 0.0 0.0 1.0 0.0 0.0 0.0
0.0 0.0 0.0 1.0 0.0 0.0 0.0
0.0 0.0 0.0 1.0 0.0 0.0 0.0
0.0 0.0 0.0 0.9238795638084412 0.0 0.0 0.35612380504608154
0.0 0.0 0.0 0.9468188285827637 -0.00210131355561316 -5.903429567410967e-08 -0.26735174655914307
0.0 0.0 0.0 0.9468188881874084 0.26736006140708923 6.0710441118772e-09 3.5686404942225636e-08
2.390191866652458e-08 1.996515237578933e-07 3.722384452819824 1.0 0.0 0.0 0.0
0.0 0.0 0.0 1.0 0.0 0.0 0.0
0.0 0.0 0.0 1.0 0.0 0.0 0.0
-2.794581413269043 -8.328502190124709e-07 -3.0122464522719383e-09 1.0 0.0 0.0 0.0
0.0 0.0 0.0 1.0 0.0 0.0 0.0
0.0 0.0 0.0 1.0 0.0 0.0 0.0
0.0 0.0 0.0 1.0 0.0 0.0 0.0
0.0 0.0 0.0 1.0 0.0 0.0 0.0
0.0 0.0 0.0 1.0 0.0 0.0 0.0
0.0 0.0 0.0 1.0 0.0 0.0 0.0
0.0 0.0 0.0 1.0 0.0 0.0 0.0
0.0 0.0 0.0 1.0 0.0 0.0 0.0
0.0 0.0 0.0 0.9238795638084412 0.0 0.0 0.3709193468093872
0.0 0.0 0.0 0.951680064201355 -0.0019092349102720618 -5.903429567410967e-08 -0.24291342496871948
0.0 0.0 0.0 0.9516801238059998 0.24292097985744476 6.0710441118772e-09 3.5686404942225636e-08
2.390191866652458e-08 1.996515237578933e-07 3.877035140991211 1.0 0.0 0.0 0.0
0.0 0.0 0.0 1.0 0.0 0.0 0.0
0.0 0.0 0.0 1.0 0.0 0.0 0.0
-2.5391318798065186 -7.567202828795416e-07 -3.0122464522719383e-09 1.0 0.0 0.0 0.0
0.0 0.0 0.0 1.0 0.0 0.0 0.0
0.0 0.0 0.0 1.0 0.0 0.0 0.0
0.0 0.0 0.0 1.0 0.0 0.0 0.0
0.0 0.0 0.0 1.0 0.0 0.0 0.0
0.0 0.0 0.0 1.0 0.0 0.0 0.0
0.0 0.0 0.0 1.0 0.0 0.0 0.0
0.0 0.0 0.0 1.0 0.0 0.0 0.0
0.0 0.0 0.0 1.0 0.0 0.0 0.0
0.0 0.0 0.0 0.9238795638084412 0.0 0.0 0.37975776195526123
0.0 0.0 0.0 0.9567552208900452 -0.0017087036976590753 -5.903429567410967e-08 -0.2173996865749359
0.0 0.0 0.0 0.9567552804946899 0.21740645170211792 6.0710441118772e-09 3.5686404942225636e-08
2.390191866652458e-08 1.996515237578933e-07 3.969419479370117 1.0 0.0 0.0 0.0
0.0 0.0 0.0 1.0 0.0 0.0 0.0
0.0 0.0 0.0 1.0 0.0 0.0 0.0
-2.2724411487579346 -6.772402798560506e-07 -3.0122464522719383e-09 1.0 0.0 0.0 0.0
0.0 0.0 0.0 1.0 0.0 0.0 0.0
0.0 0.0 0.0 1.0 0.0 0.0 0.0
0.0 0.0 0.0 1.0 0.0 0.0 0.0
0.0 0.0 0.0 1.0 0.0 0.0 0.0
0.0 0.0 0.0 1.0 0.0 0.0 0.0
0.0 0.0 0.0 1.0 0.0 0.0 0.0
0.0 0.0 0.0 1.0 0.0 0.0 0.0
0.0 0.0 0.0 1.0 0.0 0.0 0.0
0.0 0.0 0.0 0.9238796234130859 0.0 0.0 0.38268351554870605
0.0 0.0 0.0 0.961939811706543 -0.0015038485871627927 -5.903429567410967e-08 -0.19133581221103668
0.0 0.0 0.0 0.9619399309158325 0.19134175777435303 6.0710441118772e-09 3.5686404942225636e-08
-4.8736467306298437e-08 9.572627135412404e-08 4.0 1.0 0.0 0.0 0.0
0.0 0.0 0.0 1.0 0.0 0.0 0.0
0.0 0.0 0.0 1.0 0.0 0.0 0.0
-2.0 -5.960464477539062e-07 -3.0122464522719383e-09 1.0 0.0 0.0 0.0
0.0 0.0 0.0 1.0 0.0 0.0 0.0
0.0 0.0 0.0 1.0 0.0 0.0 0.0
0.0 0.0 0.0 1.0 0.0 0.0 0.0
0.0 0.0 0.0 1.0 0.0 0.0 0.0
0.0 0.0 0.0 1.0 0.0 0.0 0.0
0.0 0.0 0.0 1.0 0.0 0.0 0.0
0.0 0.0 0.0 1.0 0.0 0.0 0.0
0.0 0.0 0.0 1.0 0.0 0.0 0.0
0.0 0.0 0.0 0.9250496625900269 0.0 0.0 0.37680140137672424
0.0 0.0 0.0 0.9671244025230408 -0.00129899347666651 -5.903429567410967e-08 -0.16527193784713745
0.0 0.0 0.0 0.9671244621276855 0.16527709364891052 6.0710441118772e-09 3.5686404942225636e-08
-4.8736467306298437e-08 9.572627135412404e-08 3.9385173320770264 1.0 0.0 0.0 0.0
0.0 0.0 0.0 1.0 0.0 0.0 0.0
0.0 0.0 0.0 1.0 0.0 0.0 0.0
-1.727558970451355 -5.148526724951807e-07 -3.0122464522719383e-09 1.0 0.0 0.0 0.0
0.0 0.0 0.0 1.0 0.0 0.0 0.0
0.0 0.0 0.0 1.0 0.0 0.0 0.0
0.0 0.0 0.0 1.0 0.0 0.0 0.0
0.0 0.0 0.0 1.0 0.0 0.0 0.0
0.0 0.0 0.0 1.0 0.0 0.0 0.0
0.0 0.0 0.0 1.0 0.0 0.0 0.0
0.0 0.0 0.0 1.0 0.0 0.0 0.0
0.0 0.0 0.0 1.0 0.0 0.0 0.0
0.0 0.0 0.0 0.928581714630127 0.0 0.0 0.3590444028377533
0.0 0.0 0.0 0.9721994996070862 -0.0010984621476382017 -5.903429567410967e-08 -0.13975819945335388
0.0 0.0 0.0 0.972199559211731 0.1397625356912613 6.0710441118772e-09 3.5686404942225636e-08
-4.8736467306298437e-08 9.572627135412404e-08 3.7529120445251465 1.0 0.0 0.0 0.0
0.0 0.0 0.0 1.0 0.0 0.0 0.0
0.0 0.0 0.0 1.0 0.0 0.0 0.0
-1.460868239402771 -4.3537266947168973e-07 -3.0122464522719383e-09 1.0 0.0 0.0 0.0
0.0 0.0 0.0 1.0 0.0 0.0 0.0
0.0 0.0 0.0 1.0 0.0 0.0 0.0
0.0 0.0 0.0 1.0 0.0 0.0 0.0
0.0 0.0 0.0 1.0 0.0 0.0 0.0
0.0 0.0 0.0 1.0 0.0 0.0 0.0
0.0 0.0 0.0 1.0 0.0 0.0 0.0
0.0 0.0 0.0 1.0 0.0 0.0 0.0
0.0 0.0 0.0 1.0 0.0 0.0 0.0
0.0 0.0 0.0 0.9344059228897095 0.0 0.0 0.32976430654525757
0.0 0.0 0.0 0.9770607948303223 -0.0009063835022971034 -5.903429567410967e-08 -0.1153198778629303
0.0 0.0 0.0 0.977060854434967 0.11532343924045563 6.0710441118772e-09 3.5686404942225636e-08
-4.8736467306298437e-08 9.572627135412404e-08 3.446861982345581 1.0 0.0 0.0 0.0
0.0 0.0 0.0 1.0 0.0 0.0 0.0
0.0 0.0 0.0 1.0 0.0 0.0 0.0
-1.205418348312378 -3.5924273333876044e-07 -3.0122464522719383e-09 1.0 0.0 0.0 0.0
0.0 0.0 0.0 1.0 0.0 0.0 0.0
0.0 0.0 0.0 1.0 0.0 0.0 0.0
0.0 0.0 0.0 1.0 0.0 0.0 0.0
0.0 0.0 0.0 1.0 0.0 0.0 0.0
0.0 0.0 0.0 1.0 0.0 0.0 0.0
0.0 0.0 0.0 1.0 0.0 0.0 0.0
0.0 0.0 0.0 1.0 0.0 0.0 0.0
0.0 0.0 0.0 1.0 0.0 0.0 0.0
0.0 0.0 0.0 0.9422667622566223 0.0 0.0 0.2902451157569885
0.0 0.0 0.0 0.9816129207611084 -0.000726518570445478 -5.903429567410967e-08 -0.09243550896644592
0.0 0.0 0.0 0.9816129803657532 0.09243841469287872 6.0710441118772e-09 3.5686404942225636e-08
-4.8736467306298437e-08 9.572627135412404e-08 3.033787250518799 1.0 0.0 0.0 0.0
0.0 0.0 0.0 1.0 0.0 0.0 0.0
0.0 0.0 0.0 1.0 0.0 0.0 0.0
-0.9662127494812012 -2.8795375328627415e-07 -3.0122464522719383e-09 1.0 0.0 0.0 0.0
0.0 0.0 0.0 1.0 0.0 0.0 0.0
0.0 0.0 0.0 1.0 0.0 0.0 0.0
0.0 0.0 0.0 1.0 0.0 0.0 0.0
0.0 0.0 0.0 1.0 0.0 0.0 0.0
0.0 0.0 0.0 1.0 0.0 0.0 0.0
0.0 0.0 0.0 1.0 0.0 0.0 0.0
0.0 0.0 0.0 1.0 0.0 0.0 0.0
0.0 0.0 0.0 1.0 0.0 0.0 0.0
0.0 0.0 0.0 0.9516801238059998 0.0 0.0 0.24292096495628357
0.0 0.0 0.0 0.9857732057571411 -0.0005621325690299273 -5.903429567410967e-08 -0.07152059674263
0.0 0.0 0.0 0.9857733845710754 0.07152274250984192 6.0710441118772e-09 3.5686404942225636e-08
-4.8736467306298437e-08 9.572627135412404e-08 2.5391314029693604 1.0 0.0 0.0 0.0
0.0 0.0 0.0 1.0 0.0 0.0 0.0
0.0 0.0 0.0 1.0 0.0 0.0 0.0
-0.7475919723510742 -2.22799826588016e-07 -3.0122464522719383e-09 1.0 0.0 0.0 0.0
0.0 0.0 0.0 1.0 0.0 0.0 0.0
0.0 0.0 0.0 1.0 0.0 0.0 0.0
0.0 0.0 0.0 1.0 0.0 0.0 0.0
0.0 0.0 0.0 1.0 0.0 0.0 0.0
0.0 0.0 0.0 1.0 0.0 0.0 0.0
0.0 0.0 0.0 1.0 0.0 0.0 0.0
0.0 0.0 0.0 1.0 0.0 0.0 0.0
0.0 0.0 0.0 1.0 0.0 0.0 0.0
0.0 0.0 0.0 0.9619399309158325 0.0 0.0 0.19134177267551422
0.0 0.0 0.0 0.9894737601280212 -0.000415917718783021 -5.903429567410967e-08 -0.05291751027107239
0.0 0.0 0.0 0.989473819732666 0.0529191792011261 6.0710441118772e-09 3.5686404942225636e-08
-4.8736467306298437e-08 9.572627135412404e-08 2.0 1.0 0.0 0.0 0.0
0.0 0.0 0.0 1.0 0.0 0.0 0.0
0.0 0.0 0.0 1.0 0.0 0.0 0.0
-0.5531377792358398 -1.6484796105942223e-07 -3.0122464522719383e-09 1.0 0.0 0.0 0.0
0.0 0.0 0.0 1.0 0.0 0.0 0.0
0.0 0.0 0.0 1.0 0.0 0.0 0.0
0.0 0.0 0.0 1.0 0.0 0.0 0.0
0.0 0.0 0.0 1.0 0.0 0.0 0.0
0.0 0.0 0.0 1.0 0.0 0.0 0.0
0.0 0.0 0.0 1.0 0.0 0.0 0.0
0.0 0.0 0.0 1.0 0.0 0.0 0.0
0.0 0.0 0.0 1.0 0.0 0.0 0.0
0.0 0.0 0.0 0.9721996188163757 0.0 0.0 0.13976258039474487
0.0 0.0 0.0 0.9926613569259644 -0.00028996681794524193 -5.903429567410967e-08 -0.03689268231391907
0.0 0.0 0.0 0.9926614165306091 0.03689384460449219 6.0710441118772e-09 3.5686404942225636e-08
-4.8736467306298437e-08 9.572627135412404e-08 1.460868239402771 1.0 0.0 0.0 0.0
0.0 0.0 0.0 1.0 0.0 0.0 0.0
0.0 0.0 0.0 1.0 0.0 0.0 0.0
-0.3856325149536133 -1.1492761586850975e-07 -3.0122464522719383e-09 1.0 0.0 0.0 0.0
0.0 0.0 0.0 1.0 0.0 0.0 0.0
0.0 0.0 0.0 1.0 0.0 0.0 0.0
0.0 0.0 0.0 1.0 0.0 0.0 0.0
0.0 0.0 0.0 1.0 0.0 0.0 0.0
0.0 0.0 0.0 1.0 0.0 0.0 0.0
0.0 0.0 0.0 1.0 0.0 0.0 0.0
0.0 0.0 0.0 1.0 0.0 0.0 0.0
0.0 0.0 0.0 1.0 0.0 0.0 0.0
0.0 0.0 0.0 0.9816129803657532 0.0 0.0 0.09243842959403992
0.0 0.0 0.0 0.9952978491783142 -0.00018579140305519104 -5.903429567410967e-08 -0.023638367652893066
0.0 0.0 0.0 0.9952980279922485 0.02363911271095276 6.0710441118772e-09 3.5686404942225636e-08
-4.8736467306298437e-08 9.572627135412404e-08 0.9662129878997803 1.0 0.0 0.0 0.0
0.0 0.0 0.0 1.0 0.0 0.0 0.0
0.0 0.0 0.0 1.0 0.0 0.0 0.0
-0.2470874786376953 -7.363780696323374e-08 -3.0122464522719383e-09 1.0 0.0 0.0 0.0
0.0 0.0 0.0 1.0 0.0 0.0 0.0
0.0 0.0 0.0 1.0 0.0 0.0 0.0
0.0 0.0 0.0 1.0 0.0 0.0 0.0
0.0 0.0 0.0 1.0 0.0 0.0 0.0
0.0 0.0 0.0 1.0 0.0 0.0 0.0
0.0 0.0 0.0 1.0 0.0 0.0 0.0
0.0 0.0 0.0 1.0 0.0 0.0 0.0
0.0 0.0 0.0 1.0 0.0 0.0 0.0
0.0 0.0 0.0 0.989473819732666 0.0 0.0 0.0529191792011261
0.0 0.0 0.0 0.997358500957489 -0.00010437332093715668 -5.903429567410967e-08 -0.013279497623443604
0.0 0.0 0.0 0.9973585605621338 0.013279855251312256 6.0710441118772e-09 3.5686404942225636e-08
-4.8736467306298437e-08 9.572627135412404e-08 0.5531377792358398 1.0 0.0 0.0 0.0
0.0 0.0 0.0 1.0 0.0 0.0 0.0
0.0 0.0 0.0 1.0 0.0 0.0 0.0
-0.1388077735900879 -4.1368025449628476e-08 -3.0122464522719383e-09 1.0 0.0 0.0 0.0
0.0 0.0 0.0 1.0 0.0 0.0 0.0
0.0 0.0 0.0 1.0 0.0 0.0 0.0
0.0 0.0 0.0 1.0 0.0 0.0 0.0
0.0 0.0 0.0 1.0 0.0 0.0 0.0
0.0 0.0 0.0 1.0 0.0 0.0 0.0
0.0 0.0 0.0 1.0 0.0 0.0 0.0
0.0 0.0 0.0 1.0 0.0 0.0 0.0
0.0 0.0 0.0 1.0 0.0 0.0 0.0
0.0 0.0 0.0 0.9952980279922485 0.0 0.0 0.02363911271095276
0.0 0.0 0.0 0.9988300204277039 -4.6230852603912354e-05 -5.903429567410967e-08 -0.005881905555725098
0.0 0.0 0.0 0.9988300204277039 0.005882084369659424 6.0710441118772e-09 3.5686404942225636e-08
-4.8736467306298437e-08 9.572627135412404e-08 0.2470874786376953 1.0 0.0 0.0 0.0
0.0 0.0 0.0 1.0 0.0 0.0 0.0
0.0 0.0 0.0 1.0 0.0 0.0 0.0
-0.06148242950439453 -1.8323362382943742e-08 -3.0122464522719383e-09 1.0 0.0 0.0 0.0
0.0 0.0 0.0 1.0 0.0 0.0 0.0
0.0 0.0 0.0 1.0 0.0 0.0 0.0
0.0 0.0 0.0 1.0 0.0 0.0 0.0
0.0 0.0 0.0 1.0 0.0 0.0 0.0
0.0 0.0 0.0 1.0 0.0 0.0 0.0
0.0 0.0 0.0 1.0 0.0 0.0 0.0
0.0 0.0 0.0 1.0 0.0 0.0 0.0
0.0 0.0 0.0 1.0 0.0 0.0 0.0
0.0 0.0 0.0 0.9988300800323486 0.0 0.0 0.005882084369659424
0.0 0.0 0.0 0.9997090697288513 -1.149764284491539e-05 -5.903429567410967e-08 -0.0014628171920776367
0.0 0.0 0.0 0.9997091889381409 0.0014628767967224121 6.0710441118772e-09 3.5686404942225636e-08
-4.8736467306298437e-08 9.572627135412404e-08 0.061482906341552734 1.0 0.0 0.0 0.0
0.0 0.0 0.0 1.0 0.0 0.0 0.0
0.0 0.0 0.0 1.0 0.0 0.0 0.0
-0.015290260314941406 -4.557023203233257e-09 -3.0122464522719383e-09 1.0 0.0 0.0 0.0
0.0 0.0 0.0 1.0 0.0 0.0 0.0
0.0 0.0 0.0 1.0 0.0 0.0 0.0
0.0 0.0 0.0 1.0 0.0 0.0 0.0
0.0 0.0 0.0 1.0 0.0 0.0 0.0
0.0 0.0 0.0 1.0 0.0 0.0 0.0
0.0 0.0 0.0 1.0 0.0 0.0 0.0
0.0 0.0 0.0 1.0 0.0 0.0 0.0
0.0 0.0 0.0 1.0 0.0 0.0 0.0
0.0 0.0 0.0 1.0000001192092896 0.0 0.0 2.9802322387695312e-08
0.0 0.0 0.0 1.0 0.0 0.0 0.0
0.0 0.0 0.0 1.0000001192092896 -2.877794669231548e-10 2.3048006558834544e-10 2.9802322387695312e-08
0.0 0.0 0.0 1.0 0.0 0.0 0.0
0.0 0.0 0.0 1.0 0.0 0.0 0.0
0.0 0.0 0.0 1.0 0.0 0.0 0.0
0.0 0.0 0.0 1.0 0.0 0.0 0.0
0.0 0.0 0.0 1.0 0.0 0.0 0.0
0.0 0.0 0.0 1.0 0.0 0.0 0.0
0.0 0.0 0.0 1.0 0.0 0.0 0.0
0.0 0.0 0.0 1.0 0.0 0.0 0.0
0.0 0.0 0.0 1.0 0.0 0.0 0.0
0.0 0.0 0.0 1.0 0.0 0.0 0.0
0.0 0.0 0.0 1.0 0.0 0.0 0.0
0.0 0.0 0.0 1.0 0.0 0.0 0.0
