model 1
334
-5.664180278778076 -5.664180278778076 0.0 0 0 0 1.0 0.0 0.0
5.664180278778076 -5.664180278778076 0.18146896362304688 0 0 0 1.0 0.0 0.0
-5.664180278778076 5.664180278778076 0.0 0 0 0 1.0 0.0 0.0
5.664180278778076 5.664180278778076 0.0 0 0 0 1.0 0.0 0.0
-7.151473045349121 -0.5902501344680786 -0.12263427674770355 0 0 0 1.0 0.0 0.0
1.4535571336746216 -7.778360366821289 -0.07289090752601624 0 0 0 1.0 0.0 0.0
0.0 7.999999523162842 0.0 0 0 0 1.0 0.0 0.0
-5.664180278778076 -5.664180278778076 -2.0 0 0 0 1.0 0.0 0.0
5.664180278778076 -5.664180278778076 -2.0 0 0 0 1.0 0.0 0.0
-5.664180278778076 5.664180278778076 -2.0 0 0 0 1.0 0.0 0.0
5.664180278778076 5.664180278778076 -2.0 0 0 0 1.0 0.0 0.0
-7.151473522186279 -0.5902501344680786 -1.9249725341796875 0 0 0 1.0 0.0 0.0
7.555835723876953 -1.3265886306762695 -2.0 0 0 0 1.0 0.0 0.0
1.4986830949783325 -7.686911582946777 -2.1052186489105225 0 0 0 1.0 0.0 0.0
0.14882273972034454 7.929171085357666 -2.701228618621826 0 0 0 1.0 0.0 0.0
-4.376040935516357 -3.748631715774536 -7.785578727722168 0 0 0 1.0 0.0 0.0
3.940768241882324 -3.8485755920410156 -8.531713485717773 0 0 0 1.0 0.0 0.0
-3.210893392562866 3.150195598602295 -10.961455345153809 0 0 0 1.0 0.0 0.0
3.260204553604126 3.4609267711639404 -11.020707130432129 0 0 0 1.0 0.0 0.0
-4.829663276672363 0.0 -10.0 0 0 0 1.0 0.0 0.0
4.829663276672363 0.0 -10.0 0 0 0 1.0 0.0 0.0
-0.24075134098529816 -4.8983354568481445 -10.070184707641602 0 0 0 1.0 0.0 0.0
0.39981257915496826 5.453137397766113 -9.203394889831543 0 0 0 1.0 0.0 0.0
-1.6228001117706299 -1.6228001117706299 -13.070266723632812 0 0 0 1.0 0.0 0.0
1.6228001117706299 -1.6228001117706299 -14.246447563171387 0 0 0 1.0 0.0 0.0
-2.18896746635437 2.397799015045166 -13.216240882873535 0 0 0 1.0 0.0 0.0
1.6228001117706299 1.6228001117706299 -13.047323226928711 0 0 0 1.0 0.0 0.0
-2.8787145614624023 -0.018975066021084785 -13.22204875946045 0 0 0 1.0 0.0 0.0
2.292017936706543 0.0 -14.109594345092773 0 0 0 1.0 0.0 0.0
0.0 -2.292017936706543 -12.565868377685547 0 0 0 1.0 0.0 0.0
0.34089502692222595 3.3031277656555176 -13.47960376739502 0 0 0 1.0 0.0 0.0
-0.23424173891544342 0.25347188115119934 -12.510870933532715 0 0 0 1.0 0.0 0.0
-2.5416579246520996 -2.5416579246520996 0.0 0 0 0 1.0 0.0 0.0
2.5416579246520996 -2.5416579246520996 0.0 0 0 0 1.0 0.0 0.0
-2.5416579246520996 2.5416579246520996 0.0 0 0 0 1.0 0.0 0.0
2.5416579246520996 2.5416579246520996 0.0 0 0 0 1.0 0.0 0.0
-3.5897979736328125 0.0 0.0 0 0 0 1.0 0.0 0.0
3.5897979736328125 0.0 0.0 0 0 0 1.0 0.0 0.0
0.0 -3.5897979736328125 0.0 0 0 0 1.0 0.0 0.0
0.0 3.5897979736328125 0.0 0 0 0 1.0 0.0 0.0
0.0 0.0 0.0 0 0 0 1.0 0.0 0.0
-5.457475185394287 -5.474828720092773 -2.853782892227173 0 0 0 1.0 0.0 0.0
-4.410365581512451 -6.227695465087891 -2.043241024017334 0 0 0 1.0 0.0 0.0
-5.942201137542725 -6.07066535949707 -2.1192660331726074 0 0 0 1.0 0.0 0.0
-6.1476664543151855 -4.671756267547607 -2.062838077545166 0 0 0 1.0 0.0 0.0
-7.071581840515137 -0.2037295252084732 -1.9854722023010254 0 0 0 1.0 0.0 0.0
-5.716574192047119 -6.9116435050964355 -0.5260979533195496 0 0 0 1.0 0.0 0.0
-6.971065044403076 -5.651000022888184 -0.28645217418670654 0 0 0 1.0 0.0 0.0
-6.31696081161499 -4.157120704650879 0.06565053761005402 0 0 0 1.0 0.0 0.0
-4.647393226623535 -4.673843860626221 0.03776661306619644 0 0 0 1.0 0.0 0.0
-4.045064449310303 -6.346220016479492 -0.16556589305400848 0 0 0 1.0 0.0 0.0
-6.917534828186035 -4.952727317810059 0.08451160788536072 0 0 0 1.0 0.0 0.0
-1.4973558187484741 7.346676826477051 -2.5572922229766846 0 0 0 1.0 0.0 0.0
-3.3278493881225586 7.796248435974121 -1.852152943611145 0 0 0 1.0 0.0 0.0
-5.287128925323486 4.196197509765625 -7.673305034637451 0 0 0 1.0 0.0 0.0
-4.185379981994629 -5.374640464782715 -0.037654247134923935 0 0 0 1.0 0.0 0.0
-5.468874931335449 -4.168451309204102 0.044756487011909485 0 0 0 1.0 0.0 0.0
-4.633424758911133 -6.979585647583008 -0.5993485450744629 0 0 0 1.0 0.0 0.0
-6.570267677307129 -6.442066669464111 -0.2180177867412567 0 0 0 1.0 0.0 0.0
-5.673348903656006 -6.622125625610352 0.4434894323348999 0 0 0 1.0 0.0 0.0
-4.771055221557617 -6.1532440185546875 0.40897706151008606 0 0 0 1.0 0.0 0.0
-6.739733695983887 -5.636318206787109 0.5831907391548157 0 0 0 1.0 0.0 0.0
-6.273895263671875 -4.732464790344238 0.35777372121810913 0 0 0 1.0 0.0 0.0
-5.063928127288818 -4.900442123413086 0.3759748339653015 0 0 0 1.0 0.0 0.0
-4.874819278717041 -5.495671272277832 0.4197663962841034 0 0 0 1.0 0.0 0.0
-5.827790260314941 -5.136348247528076 0.5814052820205688 0 0 0 1.0 0.0 0.0
-5.165708541870117 -6.801076889038086 0.36083516478538513 0 0 0 1.0 0.0 0.0
-6.217578411102295 -6.2778520584106445 0.39905959367752075 0 0 0 1.0 0.0 0.0
-6.379642486572266 -5.265135288238525 -2.0883030891418457 0 0 0 1.0 0.0 0.0
-4.6977434158325195 -5.877758502960205 -2.676832914352417 0 0 0 1.0 0.0 0.0
-7.529024600982666 1.3076449632644653 -2.9215505123138428 0 0 0 1.0 0.0 0.0
-2.024308681488037 7.243804931640625 0.034766945987939835 0 0 0 1.0 0.0 0.0
-1.3372083902359009 4.276699066162109 0.043326485902071 0 0 0 1.0 0.0 0.0
-4.303129196166992 0.7994722127914429 0.022779889404773712 0 0 0 1.0 0.0 0.0
-6.914891719818115 0.5730467438697815 -0.0867486447095871 0 0 0 1.0 0.0 0.0
-7.09757137298584 4.161779403686523 0.5393010377883911 0 0 0 1.0 0.0 0.0
-5.462744235992432 3.3931727409362793 1.2855409383773804 0 0 0 1.0 0.0 0.0
-4.030192852020264 6.351932048797607 -6.221035957336426 0 0 0 1.0 0.0 0.0
-4.150354385375977 4.120860576629639 -7.6756978034973145 0 0 0 1.0 0.0 0.0
-6.660927772521973 3.2019104957580566 -6.4053802490234375 0 0 0 1.0 0.0 0.0
-1.9264448881149292 5.669776916503906 -6.19215726852417 0 0 0 1.0 0.0 0.0
-5.411346912384033 2.0003914833068848 -5.810484409332275 0 0 0 1.0 0.0 0.0
-7.124959945678711 4.377829551696777 -2.761714220046997 0 0 0 1.0 0.0 0.0
-5.260279178619385 6.888931751251221 -2.2790560722351074 0 0 0 1.0 0.0 0.0
-3.9142274856567383 4.902644157409668 0.6394203305244446 0 0 0 1.0 0.0 0.0
-5.987687587738037 4.900054931640625 1.014430284500122 0 0 0 1.0 0.0 0.0
-3.5247907638549805 3.4335362911224365 0.5683723092079163 0 0 0 1.0 0.0 0.0
-4.638237953186035 1.711194634437561 0.8299768567085266 0 0 0 1.0 0.0 0.0
-6.048624515533447 1.3094186782836914 0.687222957611084 0 0 0 1.0 0.0 0.0
-5.277140140533447 6.855845928192139 -0.2423875331878662 0 0 0 1.0 0.0 0.0
-1.442997932434082 6.0531792640686035 0.03904671594500542 0 0 0 1.0 0.0 0.0
-3.2623844146728516 5.9749979972839355 0.7283613085746765 0 0 0 1.0 0.0 0.0
-2.097301959991455 4.287285804748535 0.7813131213188171 0 0 0 1.0 0.0 0.0
-6.7963409423828125 3.303654432296753 1.1690953969955444 0 0 0 1.0 0.0 0.0
-2.2481672763824463 5.325130939483643 0.6785422563552856 0 0 0 1.0 0.0 0.0
-2.5107245445251465 2.4493885040283203 0.03490983322262764 0 0 0 1.0 0.0 0.0
-4.18658447265625 5.491165637969971 -8.080586433410645 0 0 0 1.0 0.0 0.0
-5.862442493438721 5.489927291870117 -5.647864818572998 0 0 0 1.0 0.0 0.0
-6.923682689666748 -2.7181522846221924 -1.9535192251205444 0 0 0 1.0 0.0 0.0
-6.923682689666748 -2.7181522846221924 0.10451975464820862 0 0 0 1.0 0.0 0.0
3.0566089153289795 -5.269721031188965 -6.410999774932861 0 0 0 1.0 0.0 0.0
3.154423236846924 -8.655460357666016 -3.961848020553589 0 0 0 1.0 0.0 0.0
0.7747189998626709 -8.886048316955566 -3.1530027389526367 0 0 0 1.0 0.0 0.0
-0.32554444670677185 -7.474569797515869 -2.0599865913391113 0 0 0 1.0 0.0 0.0
6.222586154937744 -4.4374799728393555 -2.023793935775757 0 0 0 1.0 0.0 0.0
3.902153253555298 -9.503366470336914 -0.9696017503738403 0 0 0 1.0 0.0 0.0
-0.10022225975990295 -7.577588081359863 -0.26224133372306824 0 0 0 1.0 0.0 0.0
0.4439302384853363 -5.406126022338867 0.020131440833210945 0 0 0 1.0 0.0 0.0
5.124404430389404 -3.8929357528686523 0.21067121624946594 0 0 0 1.0 0.0 0.0
6.55377721786499 -7.393764495849609 -0.9764050245285034 0 0 0 1.0 0.0 0.0
3.219595193862915 -7.645506858825684 0.24904605746269226 0 0 0 1.0 0.0 0.0
3.2574527263641357 -9.415875434875488 0.28479456901550293 0 0 0 1.0 0.0 0.0
5.224693775177002 -8.689092636108398 0.24354025721549988 0 0 0 1.0 0.0 0.0
1.1671217679977417 -7.904956817626953 0.30721497535705566 0 0 0 1.0 0.0 0.0
2.46622633934021 -5.6221923828125 0.6309466361999512 0 0 0 1.0 0.0 0.0
4.400439739227295 -4.638077259063721 0.6031668782234192 0 0 0 1.0 0.0 0.0
4.33788537979126 -6.569672584533691 0.273053377866745 0 0 0 1.0 0.0 0.0
2.7030224800109863 -3.8902430534362793 0.044422827661037445 0 0 0 1.0 0.0 0.0
6.23154878616333 -4.4212117195129395 0.20873883366584778 0 0 0 1.0 0.0 0.0
1.1863337755203247 -9.20766544342041 -0.7021924257278442 0 0 0 1.0 0.0 0.0
-1.7314684391021729 -7.227565765380859 -0.5213418006896973 0 0 0 1.0 0.0 0.0
-1.7314684391021729 -7.227566242218018 -1.9999995231628418 0 0 0 1.0 0.0 0.0
5.260117053985596 -5.280787944793701 -3.6140599250793457 0 0 0 1.0 0.0 0.0
1.1703760623931885 -7.054570198059082 -3.977088689804077 0 0 0 1.0 0.0 0.0
5.340244293212891 -7.258397102355957 -3.8137755393981934 0 0 0 1.0 0.0 0.0
6.123344898223877 -6.817752361297607 0.3135569095611572 0 0 0 1.0 0.0 0.0
5.291203022003174 -5.446272373199463 0.5652374029159546 0 0 0 1.0 0.0 0.0
1.2574291229248047 6.674901485443115 -4.609273910522461 0 0 0 1.0 0.0 0.0
4.2288336753845215 6.29810905456543 -2.1995294094085693 0 0 0 1.0 0.0 0.0
2.8929805755615234 8.389545440673828 -3.567910671234131 0 0 0 1.0 0.0 0.0
0.08333803713321686 7.9367523193359375 -2.7719459533691406 0 0 0 1.0 0.0 0.0
3.848050117492676 9.176074981689453 -0.9045527577400208 0 0 0 1.0 0.0 0.0
0.9957863092422485 9.993715286254883 -0.504736065864563 0 0 0 1.0 0.0 0.0
-0.660118579864502 7.83486795425415 0.03865474462509155 0 0 0 1.0 0.0 0.0
1.4394986629486084 5.811622142791748 0.036179184913635254 0 0 0 1.0 0.0 0.0
4.368107795715332 6.278454780578613 0.0065190792083740234 0 0 0 1.0 0.0 0.0
0.01865386962890625 9.353129386901855 0.11416691541671753 0 0 0 1.0 0.0 0.0
2.8355259895324707 5.700980186462402 0.017959237098693848 0 0 0 1.0 0.0 0.0
0.03946733474731445 6.604856491088867 0.047840893268585205 0 0 0 1.0 0.0 0.0
4.666375160217285 7.583414077758789 -1.0076645612716675 0 0 0 1.0 0.0 0.0
2.4744062423706055 10.045218467712402 -0.3905625641345978 0 0 0 1.0 0.0 0.0
3.6402149200439453 8.6022310256958 0.9764596819877625 0 0 0 1.0 0.0 0.0
3.5014541149139404 7.183779239654541 0.8560237884521484 0 0 0 1.0 0.0 0.0
1.1606457233428955 9.64389419555664 0.9461458921432495 0 0 0 1.0 0.0 0.0
0.21520066261291504 8.23531436920166 0.5700677633285522 0 0 0 1.0 0.0 0.0
1.4351134300231934 6.602718353271484 0.6004339456558228 0 0 0 1.0 0.0 0.0
2.4571049213409424 6.8057942390441895 0.3938344717025757 0 0 0 1.0 0.0 0.0
1.1645973920822144 7.908790111541748 0.9431670904159546 0 0 0 1.0 0.0 0.0
4.569042205810547 7.790345668792725 0.705908477306366 0 0 0 1.0 0.0 0.0
2.5185203552246094 9.397650718688965 0.6389478445053101 0 0 0 1.0 0.0 0.0
0.9083188772201538 8.425680160522461 -3.510880947113037 0 0 0 1.0 0.0 0.0
2.9190051555633545 6.026493072509766 -4.47346305847168 0 0 0 1.0 0.0 0.0
5.994272708892822 5.253913402557373 -2.002429485321045 0 0 0 1.0 0.0 0.0
7.743087291717529 1.5790907144546509 -2.015390396118164 0 0 0 1.0 0.0 0.0
8.264060020446777 2.2133264541625977 -1.7616705894470215 0 0 0 1.0 0.0 0.0
6.790785789489746 3.3150742053985596 -4.724784851074219 0 0 0 1.0 0.0 0.0
6.637800693511963 5.067543983459473 -1.7888720035552979 0 0 0 1.0 0.0 0.0
7.7533087730407715 1.8295869827270508 0.06660139560699463 0 0 0 1.0 0.0 0.0
6.5468244552612305 2.1507339477539062 0.036546170711517334 0 0 0 1.0 0.0 0.0
5.849320411682129 4.1255784034729 0.03122180700302124 0 0 0 1.0 0.0 0.0
6.240524768829346 4.9795331954956055 0.07040911912918091 0 0 0 1.0 0.0 0.0
7.6302170753479 4.346485614776611 0.34190815687179565 0 0 0 1.0 0.0 0.0
7.0204572677612305 3.880038022994995 0.8013538718223572 0 0 0 1.0 0.0 0.0
7.856527805328369 2.7608213424682617 -3.8203020095825195 0 0 0 1.0 0.0 0.0
6.436260223388672 3.018251657485962 -4.53643274307251 0 0 0 1.0 0.0 0.0
7.182667255401611 4.36950159072876 -4.126948356628418 0 0 0 1.0 0.0 0.0
7.095727443695068 2.1911396980285645 -3.979077100753784 0 0 0 1.0 0.0 0.0
5.883693218231201 4.4604973793029785 -3.447289228439331 0 0 0 1.0 0.0 0.0
7.7170867919921875 4.3145575523376465 -1.5281654596328735 0 0 0 1.0 0.0 0.0
8.299737930297852 3.1198694705963135 -1.8454172611236572 0 0 0 1.0 0.0 0.0
7.2870564460754395 3.0005555152893066 0.4035496115684509 0 0 0 1.0 0.0 0.0
7.691656112670898 3.7833383083343506 0.634436309337616 0 0 0 1.0 0.0 0.0
6.656615257263184 3.140991449356079 0.3598068356513977 0 0 0 1.0 0.0 0.0
6.136267185211182 4.108302593231201 0.31123417615890503 0 0 0 1.0 0.0 0.0
6.348898887634277 4.508670330047607 0.4329809546470642 0 0 0 1.0 0.0 0.0
8.29055118560791 3.132702350616455 -0.13936245441436768 0 0 0 1.0 0.0 0.0
7.237748622894287 1.843159556388855 0.033911168575286865 0 0 0 1.0 0.0 0.0
7.564131736755371 2.5448718070983887 0.45830923318862915 0 0 0 1.0 0.0 0.0
6.699497222900391 2.4354312419891357 0.49091070890426636 0 0 0 1.0 0.0 0.0
7.2475409507751465 4.400688648223877 0.72966068983078 0 0 0 1.0 0.0 0.0
7.120564937591553 2.2893433570861816 0.42763644456863403 0 0 0 1.0 0.0 0.0
6.086960792541504 2.950906991958618 0.03136414289474487 0 0 0 1.0 0.0 0.0
7.064082145690918 2.64656138420105 -4.7823920249938965 0 0 0 1.0 0.0 0.0
7.889704704284668 3.620704412460327 -3.6605606079101562 0 0 0 1.0 0.0 0.0
7.7837233543396 2.832090139389038 0.0 0 0 0 1.0 0.0 0.0
7.783723831176758 2.832090139389038 -2.0 0 0 0 1.0 0.0 0.0
6.6100077629089355 -3.495384454727173 0.18146896362304688 0 0 0 1.0 0.0 0.0
7.296650409698486 -1.7851624488830566 -0.34143880009651184 0 0 0 1.0 0.0 0.0
5.572816848754883 -0.6632943153381348 0.27315759658813477 0 0 0 1.0 0.0 0.0
7.669779300689697 0.7527508735656738 0.09073448181152344 0 0 0 1.0 0.0 0.0
7.6697797775268555 0.7527506351470947 -0.9092655181884766 0 0 0 1.0 0.0 0.0
5.048746585845947 -1.9341232776641846 0.20546872913837433 0 0 0 1.0 0.0 0.0
-29.028438568115234 15.407163619995117 5.022039413452148 0 0 0 1.0 0.0 0.0
-22.52724838256836 13.80212116241455 4.240931987762451 0 0 0 1.0 0.0 0.0
-22.470136642456055 15.8822660446167 5.216582298278809 0 0 0 1.0 0.0 0.0
-25.498920440673828 15.908942222595215 -3.2777843475341797 0 0 0 1.0 0.0 0.0
-28.1181697845459 16.517005920410156 3.6560909748077393 0 0 0 1.0 0.0 0.0
-22.482133865356445 14.481362342834473 7.970021724700928 0 0 0 1.0 0.0 0.0
-24.328699111938477 12.487282752990723 7.9825119972229 0 0 0 1.0 0.0 0.0
-27.557140350341797 13.453235626220703 7.9525299072265625 0 0 0 1.0 0.0 0.0
-28.45001983642578 15.634428024291992 7.792703151702881 0 0 0 1.0 0.0 0.0
-26.033584594726562 17.47842025756836 8.706250190734863 0 0 0 1.0 0.0 0.0
-26.100732803344727 15.685934066772461 9.795182228088379 0 0 0 1.0 0.0 0.0
-23.661638259887695 15.819656372070312 -1.1585984230041504 0 0 0 1.0 0.0 0.0
-25.57927131652832 14.175817489624023 -2.675151824951172 0 0 0 1.0 0.0 0.0
-26.1677188873291 16.492971420288086 -0.6124210357666016 0 0 0 1.0 0.0 0.0
-23.5369815826416 13.657044410705566 -1.116457462310791 0 0 0 1.0 0.0 0.0
-26.6893310546875 15.339645385742188 -0.2718772888183594 0 0 0 1.0 0.0 0.0
-25.89273452758789 17.603788375854492 3.8893282413482666 0 0 0 1.0 0.0 0.0
-23.639530181884766 17.14897918701172 4.593634605407715 0 0 0 1.0 0.0 0.0
-24.625593185424805 15.038019180297852 8.852347373962402 0 0 0 1.0 0.0 0.0
-25.212604522705078 16.8527889251709 9.39957046508789 0 0 0 1.0 0.0 0.0
-25.525989532470703 14.007570266723633 8.748672485351562 0 0 0 1.0 0.0 0.0
-27.02472496032715 14.174551963806152 9.130412101745605 0 0 0 1.0 0.0 0.0
-27.699108123779297 15.221270561218262 8.922101974487305 0 0 0 1.0 0.0 0.0
-23.667041778564453 17.148221969604492 7.565591335296631 0 0 0 1.0 0.0 0.0
-23.136859893798828 13.413540840148926 7.976266860961914 0 0 0 1.0 0.0 0.0
-23.704145431518555 14.970315933227539 8.982131958007812 0 0 0 1.0 0.0 0.0
-24.53595542907715 13.157958984375 9.05940055847168 0 0 0 1.0 0.0 0.0
-26.5387020111084 16.81192398071289 9.625261306762695 0 0 0 1.0 0.0 0.0
-23.864803314208984 13.777093887329102 8.90943431854248 0 0 0 1.0 0.0 0.0
-25.916574478149414 12.65761947631836 7.970230579376221 0 0 0 1.0 0.0 0.0
-24.297733306884766 15.552716255187988 -3.8720998764038086 0 0 0 1.0 0.0 0.0
-24.771595001220703 17.01988983154297 -0.32221317291259766 0 0 0 1.0 0.0 0.0
-26.590755462646484 12.50098705291748 4.613582611083984 0 0 0 1.0 0.0 0.0
-24.861726760864258 13.460000991821289 1.6920080184936523 0 0 0 1.0 0.0 0.0
-24.01063346862793 12.397224426269531 4.964313507080078 0 0 0 1.0 0.0 0.0
9.277114868164062 24.176616668701172 0.24712160229682922 0 0 0 1.0 0.0 0.0
13.33869743347168 24.534774780273438 0.22256162762641907 0 0 0 1.0 0.0 0.0
12.832038879394531 25.668529510498047 0.7033436894416809 0 0 0 1.0 0.0 0.0
11.390212059020996 24.182262420654297 -4.911561489105225 0 0 0 1.0 0.0 0.0
9.61413860321045 25.000988006591797 0.6517990231513977 0 0 0 1.0 0.0 0.0
13.103589057922363 24.767227172851562 4.10085916519165 0 0 0 1.0 0.0 0.0
12.48861026763916 23.136123657226562 4.11084508895874 0 0 0 1.0 0.0 0.0
10.36314868927002 23.295730590820312 4.1007561683654785 0 0 0 1.0 0.0 0.0
9.607693672180176 24.371444702148438 4.175013065338135 0 0 0 1.0 0.0 0.0
10.56442928314209 26.014686584472656 4.689486026763916 0 0 0 1.0 0.0 0.0
10.883530616760254 24.851593017578125 5.560105323791504 0 0 0 1.0 0.0 0.0
12.192208290100098 25.401596069335938 -3.1976258754730225 0 0 0 1.0 0.0 0.0
11.601180076599121 23.490798950195312 -4.554646015167236 0 0 0 1.0 0.0 0.0
10.828551292419434 25.270278930664062 -3.628974676132202 0 0 0 1.0 0.0 0.0
12.14411449432373 24.39804458618164 -3.4569003582000732 0 0 0 1.0 0.0 0.0
10.038741111755371 23.544628143310547 -2.4907920360565186 0 0 0 1.0 0.0 0.0
10.616645812988281 26.121944427490234 1.1458204984664917 0 0 0 1.0 0.0 0.0
11.940402030944824 26.25888442993164 0.5446494221687317 0 0 0 1.0 0.0 0.0
11.819690704345703 24.716533660888672 4.806292533874512 0 0 0 1.0 0.0 0.0
11.138062477111816 25.769432067871094 5.243807315826416 0 0 0 1.0 0.0 0.0
11.53136157989502 23.883895874023438 4.723402500152588 0 0 0 1.0 0.0 0.0
10.448071479797363 23.702415466308594 4.63136100769043 0 0 0 1.0 0.0 0.0
10.100785255432129 24.249210357666016 4.862062931060791 0 0 0 1.0 0.0 0.0
11.925492286682129 26.253158569335938 3.777510404586792 0 0 0 1.0 0.0 0.0
12.957167625427246 23.957359313964844 4.105852127075195 0 0 0 1.0 0.0 0.0
12.337555885314941 24.84844970703125 4.91005802154541 0 0 0 1.0 0.0 0.0
12.2420072555542 23.527080535888672 4.971836090087891 0 0 0 1.0 0.0 0.0
10.420233726501465 25.49083709716797 5.424251079559326 0 0 0 1.0 0.0 0.0
12.486495018005371 24.05213165283203 4.851935386657715 0 0 0 1.0 0.0 0.0
11.58554744720459 22.94324493408203 4.101025581359863 0 0 0 1.0 0.0 0.0
12.118491172790527 24.18225860595703 -5.02072286605835 0 0 0 1.0 0.0 0.0
11.387648582458496 25.62802505493164 -3.0862481594085693 0 0 0 1.0 0.0 0.0
10.914236068725586 22.537681579589844 0.08942344784736633 0 0 0 1.0 0.0 0.0
11.889861106872559 22.919174194335938 -1.994232416152954 0 0 0 1.0 0.0 0.0
12.429505348205566 22.809471130371094 1.954152226448059 0 0 0 1.0 0.0 0.0
9.92015266418457 22.746505737304688 0.127334862947464 0 0 0 1.0 0.0 0.0
-8.337630271911621 -24.864749908447266 13.920613288879395 0 0 0 1.0 0.0 0.0
-9.158360481262207 -31.46221923828125 13.187755584716797 0 0 0 1.0 0.0 0.0
-6.833826065063477 -31.786060333251953 15.029012680053711 0 0 0 1.0 0.0 0.0
-9.424175262451172 -27.259780883789062 5.60810661315918 0 0 0 1.0 0.0 0.0
-7.102156639099121 -25.753999710083008 14.40683364868164 0 0 0 1.0 0.0 0.0
-8.426239013671875 -31.900848388671875 19.193513870239258 0 0 0 1.0 0.0 0.0
-10.83028793334961 -30.37810707092285 19.475460052490234 0 0 0 1.0 0.0 0.0
-9.845916748046875 -27.03677749633789 19.78803253173828 0 0 0 1.0 0.0 0.0
-7.856341361999512 -26.203197479248047 19.91515350341797 0 0 0 1.0 0.0 0.0
-5.512382507324219 -28.375080108642578 20.386789321899414 0 0 0 1.0 0.0 0.0
-7.424496650695801 -28.66251564025879 21.799026489257812 0 0 0 1.0 0.0 0.0
-7.705889701843262 -29.271282196044922 8.765817642211914 0 0 0 1.0 0.0 0.0
-10.244011878967285 -27.574148178100586 3.9838027954101562 0 0 0 1.0 0.0 0.0
-7.394523620605469 -26.969091415405273 7.569261074066162 0 0 0 1.0 0.0 0.0
-9.232230186462402 -28.81121063232422 7.711092948913574 0 0 0 1.0 0.0 0.0
-9.555994033813477 -25.68863868713379 9.301156997680664 0 0 0 1.0 0.0 0.0
-5.612934112548828 -27.821165084838867 14.892885208129883 0 0 0 1.0 0.0 0.0
-5.592626571655273 -30.529287338256836 14.867975234985352 0 0 0 1.0 0.0 0.0
-8.016403198242188 -29.96864891052246 20.496583938598633 0 0 0 1.0 0.0 0.0
-6.062636852264404 -29.31429672241211 21.175254821777344 0 0 0 1.0 0.0 0.0
-9.258713722229004 -29.215476989746094 20.500431060791016 0 0 0 1.0 0.0 0.0
-9.184738159179688 -27.408491134643555 20.552377700805664 0 0 0 1.0 0.0 0.0
-8.172152519226074 -27.08002471923828 20.909133911132812 0 0 0 1.0 0.0 0.0
-5.6624016761779785 -30.453739166259766 18.732925415039062 0 0 0 1.0 0.0 0.0
-9.674403190612793 -31.398460388183594 19.307804107666016 0 0 0 1.0 0.0 0.0
-7.9750518798828125 -30.858863830566406 20.559459686279297 0 0 0 1.0 0.0 0.0
-10.056863784790039 -30.27816390991211 20.80554962158203 0 0 0 1.0 0.0 0.0
-6.250194549560547 -28.110050201416016 21.598854064941406 0 0 0 1.0 0.0 0.0
-9.30734634399414 -30.820438385009766 20.52698516845703 0 0 0 1.0 0.0 0.0
-10.830513000488281 -28.87060546875 19.626380920410156 0 0 0 1.0 0.0 0.0
-9.150030136108398 -29.122783660888672 4.683567047119141 0 0 0 1.0 0.0 0.0
-6.973618507385254 -28.083663940429688 8.280488014221191 0 0 0 1.0 0.0 0.0
-11.538871765136719 -26.902240753173828 13.579303741455078 0 0 0 1.0 0.0 0.0
-11.411505699157715 -28.1907958984375 10.16319751739502 0 0 0 1.0 0.0 0.0
-11.48883056640625 -29.765443801879883 16.186662673950195 0 0 0 1.0 0.0 0.0
-10.607091903686523 -25.730831146240234 13.446660995483398 0 0 0 1.0 0.0 0.0
5.376026153564453 -38.74242401123047 3.0889816284179688 0 0 0 1.0 0.0 0.0
-1.2332944869995117 -37.71643829345703 2.2428040504455566 0 0 0 1.0 0.0 0.0
-1.1167707443237305 -39.791290283203125 3.224412441253662 0 0 0 1.0 0.0 0.0
1.9830396175384521 -39.571502685546875 -5.241481781005859 0 0 0 1.0 0.0 0.0
4.579719543457031 -39.93108367919922 1.7181715965270996 0 0 0 1.0 0.0 0.0
-1.2539374828338623 -38.38837432861328 5.973431587219238 0 0 0 1.0 0.0 0.0
0.41019105911254883 -36.23978805541992 5.996722221374512 0 0 0 1.0 0.0 0.0
3.7111217975616455 -36.91849899291992 5.999603271484375 0 0 0 1.0 0.0 0.0
4.793558120727539 -39.01319122314453 5.854881763458252 0 0 0 1.0 0.0 0.0
2.539830446243286 -41.0601921081543 6.751848220825195 0 0 0 1.0 0.0 0.0
2.4389941692352295 -39.266212463378906 7.835720062255859 0 0 0 1.0 0.0 0.0
0.12500882148742676 -39.639034271240234 -3.139651298522949 0 0 0 1.0 0.0 0.0
1.9051768779754639 -37.836631774902344 -4.643579483032227 0 0 0 1.0 0.0 0.0
2.6752431392669678 -40.08835220336914 -2.5682315826416016 0 0 0 1.0 0.0 0.0
-0.18946242332458496 -37.49563980102539 -3.105454444885254 0 0 0 1.0 0.0 0.0
3.090313196182251 -38.89288330078125 -2.2265071868896484 0 0 0 1.0 0.0 0.0
2.4562017917633057 -41.208595275878906 1.934248924255371 0 0 0 1.0 0.0 0.0
0.16518759727478027 -40.95183181762695 2.6162757873535156 0 0 0 1.0 0.0 0.0
0.9216635227203369 -38.7525634765625 6.877266883850098 0 0 0 1.0 0.0 0.0
1.6605465412139893 -40.50748825073242 7.435585975646973 0 0 0 1.0 0.0 0.0
1.7290360927581787 -37.64725112915039 6.778680801391602 0 0 0 1.0 0.0 0.0
3.232961416244507 -37.681060791015625 7.174774169921875 0 0 0 1.0 0.0 0.0
3.9985969066619873 -38.66497802734375 6.9759907722473145 0 0 0 1.0 0.0 0.0
0.16435456275939941 -40.941776275634766 5.588342666625977 0 0 0 1.0 0.0 0.0
-0.6955959796905518 -37.26716613769531 5.9823737144470215 0 0 0 1.0 0.0 0.0
-0.003360271453857422 -38.76575469970703 6.998319149017334 0 0 0 1.0 0.0 0.0
0.6653220653533936 -36.887168884277344 7.077579498291016 0 0 0 1.0 0.0 0.0
2.9757373332977295 -40.349769592285156 7.673389911651611 0 0 0 1.0 0.0 0.0
0.0525815486907959 -37.56320571899414 6.92336368560791 0 0 0 1.0 0.0 0.0
2.0069334506988525 -36.27001953125 5.999646186828613 0 0 0 1.0 0.0 0.0
0.7609002590179443 -39.32353591918945 -5.84798526763916 0 0 0 1.0 0.0 0.0
1.328094720840454 -40.735191345214844 -2.2892837524414062 0 0 0 1.0 0.0 0.0
2.6965458393096924 -36.06255340576172 2.6488962173461914 0 0 0 1.0 0.0 0.0
1.086181402206421 -37.176490783691406 -0.2855033874511719 0 0 0 1.0 0.0 0.0
0.11406993865966797 -36.18500518798828 2.9754462242126465 0 0 0 1.0 0.0 0.0
588
2 11 4
190 184 189
99 11 98
0 121 120
81 45 70
6 9 2
1 13 8
6 10 14
12 16 20
9 22 17
13 16 8
121 7 15
11 17 19
185 12 20
98 19 15
10 22 14
19 23 15
18 30 22
20 24 28
22 25 17
21 24 16
21 23 29
19 25 27
20 26 18
31 23 27
31 24 29
31 26 28
31 25 30
120 5 38
2 36 34
184 3 35
99 32 36
6 35 3
191 1 186
6 34 39
5 33 38
33 40 38
35 40 37
34 40 39
32 40 36
69 42 43
44 41 68
41 69 43
60 64 59
70 74 75
71 53 89
53 80 77
47 43 58
48 44 51
82 70 75
59 64 67
59 66 60
64 65 67
63 65 64
48 51 62
52 53 71
97 82 83
70 45 74
50 60 66
81 70 79
62 51 61
51 68 47
42 50 57
61 65 62
43 46 58
58 61 47
46 66 59
56 63 49
55 60 50
49 64 55
56 62 65
51 47 61
58 59 67
50 66 57
61 67 65
44 68 51
41 43 68
58 67 61
43 42 57
68 43 47
56 48 62
46 43 57
84 85 76
56 65 63
86 84 76
87 86 76
88 87 76
54 81 79
53 77 83
54 97 96
54 78 81
96 80 78
82 79 70
97 79 82
83 82 75
83 75 89
88 93 74
196 200 201
85 75 93
94 84 86
89 75 85
71 89 91
84 89 85
89 84 91
72 94 92
92 94 86
89 53 83
90 91 94
95 72 92
54 96 78
92 86 95
75 74 93
77 80 96
88 76 93
86 87 95
87 73 95
76 85 93
53 52 80
54 79 97
77 97 83
96 97 77
94 91 84
7 0 98
99 4 11
98 0 99
124 109 105
112 109 125
124 101 100
124 104 109
102 101 105
103 102 106
114 110 116
106 102 119
109 104 118
111 112 110
113 111 110
114 113 110
115 116 126
126 116 125
116 112 125
117 107 114
107 113 114
119 105 111
105 112 111
102 105 119
106 119 113
112 116 110
108 117 115
115 117 114
109 118 125
118 115 126
113 119 111
108 115 118
0 120 32
32 120 38
13 121 21
21 121 15
5 121 13
122 124 100
102 103 123
101 102 123
104 124 122
100 101 123
115 114 116
101 124 105
118 126 125
151 129 128
130 150 127
127 129 151
142 141 146
132 140 129
133 136 130
141 149 146
141 142 148
146 149 147
145 146 147
133 144 136
135 148 142
144 143 136
136 132 150
128 139 135
143 144 147
129 140 131
140 132 143
131 148 139
138 134 145
142 137 135
146 134 137
138 147 144
136 143 132
149 131 140
135 139 148
143 147 149
130 136 150
127 150 129
140 143 149
129 139 128
150 132 129
138 144 133
131 139 129
138 145 147
156 160 161
157 154 175
154 166 163
168 156 161
153 154 157
183 168 169
156 152 160
167 156 165
170 171 162
172 170 162
173 172 162
174 173 162
155 167 165
154 163 169
155 183 182
155 164 167
182 166 164
168 165 156
183 165 168
169 168 161
169 161 175
174 179 160
159 174 160
171 161 179
180 170 172
175 161 171
157 175 177
170 175 171
175 170 177
158 180 178
178 180 172
175 154 169
176 177 180
181 158 178
155 182 164
178 172 181
161 160 179
163 166 182
174 162 179
172 173 181
173 159 181
162 171 179
154 153 166
155 165 183
163 183 169
182 183 163
180 177 170
189 37 188
37 184 35
10 185 18
18 185 20
184 10 3
2 9 11
12 190 187
0 7 121
6 14 9
1 5 13
6 3 10
12 8 16
9 14 22
13 21 16
11 9 17
15 7 98
98 11 19
10 18 22
19 27 23
18 26 30
20 16 24
22 30 25
21 29 24
21 15 23
19 17 25
20 28 26
31 29 23
31 28 24
31 30 26
31 27 25
2 4 36
36 4 99
99 0 32
6 39 35
37 191 188
6 2 34
5 1 33
33 37 40
35 39 40
34 36 40
32 38 40
5 120 121
184 185 10
190 189 187
188 191 187
191 33 1
186 187 191
190 185 184
188 187 189
46 57 66
55 64 60
49 63 64
58 46 59
87 88 73
72 90 94
90 71 91
107 106 113
105 109 112
131 141 148
142 146 137
146 145 134
149 141 131
167 152 156
159 173 174
158 176 180
176 157 177
189 184 37
12 185 190
37 33 191
12 187 186
8 12 186
1 8 186
207 192 196
197 194 215
73 88 74
194 206 203
208 196 201
193 194 197
223 208 209
196 192 200
207 196 205
210 211 202
212 210 202
213 212 202
214 213 202
195 207 205
194 203 209
195 223 222
195 204 207
222 206 204
208 205 196
223 205 208
209 208 201
209 201 215
214 219 200
211 201 219
220 210 212
215 201 211
197 215 217
210 215 211
215 210 217
198 220 218
218 220 212
215 194 209
216 217 220
221 198 218
195 222 204
218 212 221
201 200 219
203 206 222
214 202 219
212 213 221
213 199 221
202 211 219
194 193 206
195 205 223
203 223 209
222 223 203
220 217 210
213 214 199
198 216 220
216 197 217
199 214 200
192 207 224
224 225 226
207 225 224
193 225 206
225 193 226
200 192 199
224 199 192
204 206 225
207 204 225
199 224 221
224 226 221
221 226 198
198 226 216
226 193 216
193 197 216
231 235 236
232 229 250
229 241 238
243 231 236
228 229 232
258 243 244
231 227 235
242 231 240
245 246 237
247 245 237
248 247 237
249 248 237
230 242 240
229 238 244
230 258 257
230 239 242
257 241 239
243 240 231
258 240 243
244 243 236
244 236 250
249 254 235
234 249 235
246 236 254
255 245 247
250 236 246
232 250 252
245 250 246
250 245 252
233 255 253
253 255 247
250 229 244
251 252 255
256 233 253
230 257 239
253 247 256
236 235 254
238 241 257
249 237 254
247 248 256
248 234 256
237 246 254
229 228 241
230 240 258
238 258 244
257 258 238
255 252 245
242 227 231
234 248 249
233 251 255
251 232 252
227 242 262
259 260 261
242 260 259
260 228 261
251 233 261
261 228 251
228 232 251
256 261 233
261 256 259
256 234 259
259 234 262
235 227 234
234 227 262
242 259 262
228 260 241
239 241 260
242 239 260
267 271 272
268 265 286
265 277 274
279 267 272
264 265 268
294 279 280
267 263 271
278 267 276
281 282 273
283 281 273
284 283 273
285 284 273
266 278 276
265 274 280
266 294 293
266 275 278
293 277 275
279 276 267
294 276 279
280 279 272
280 272 286
285 290 271
270 285 271
282 272 290
291 281 283
286 272 282
268 286 288
281 286 282
286 281 288
269 291 289
289 291 283
286 265 280
287 288 291
292 269 289
266 293 275
289 283 292
272 271 290
274 277 293
285 273 290
283 284 292
284 270 292
273 282 290
265 264 277
266 276 294
274 294 280
293 294 274
291 288 281
278 263 267
270 284 285
269 287 291
287 268 288
263 278 298
295 296 297
278 296 295
296 264 297
287 269 297
297 264 287
264 268 287
292 297 269
297 292 295
292 270 295
295 270 298
271 263 270
270 263 298
278 295 298
264 296 277
275 277 296
278 275 296
303 307 308
314 299 303
304 301 322
301 313 310
315 303 308
300 301 304
330 315 316
303 299 307
314 303 312
317 318 309
319 317 309
320 319 309
321 320 309
302 314 312
301 310 316
302 330 329
302 311 314
329 313 311
315 312 303
330 312 315
316 315 308
316 308 322
321 326 307
318 308 326
327 317 319
322 308 318
304 322 324
317 322 318
322 317 324
305 327 325
325 327 319
322 301 316
323 324 327
328 305 325
302 329 311
325 319 328
308 307 326
310 313 329
321 309 326
319 320 328
320 306 328
309 318 326
301 300 313
302 312 330
310 330 316
329 330 310
327 324 317
320 321 306
305 323 327
323 304 324
306 321 307
299 314 331
331 332 333
314 332 331
300 332 313
332 300 333
307 299 306
331 306 299
311 313 332
314 311 332
306 331 328
331 333 328
328 333 305
305 333 323
333 300 323
300 304 323
907
32 99 0 98
33 5 1 13
10 184 3 35
34 6 2 9
36 2 4 11
79 70 81 45
121 120 5 38
10 3 6 35
15 98 7 0
16 13 8 1
184 185 10 18
22 14 9 6
17 9 11 2
186 8 12 16
5 121 13 21
22 10 14 6
11 2 9 6
99 11 4 2
186 187 12 190
6 10 3 184
121 7 0 98
1 13 5 121
186 1 8 13
9 6 14 10
23 19 15 98
13 21 16 24
185 20 18 26
25 22 17 9
25 17 19 11
24 16 20 12
23 15 21 121
10 18 22 30
12 8 16 13
185 20 12 16
9 14 22 10
11 17 9 22
16 13 21 121
98 7 15 121
98 19 11 17
22 18 10 185
19 27 23 31
21 29 24 31
20 28 26 31
22 30 25 31
31 25 27 19
31 24 28 20
31 23 29 21
31 26 30 18
23 19 27 25
21 23 15 19
30 18 26 20
25 30 22 18
20 16 24 21
26 28 20 24
19 25 17 22
24 21 29 23
25 27 31 23
24 28 31 26
23 29 31 24
26 30 31 25
40 36 32 99
40 38 33 5
184 37 35 40
40 39 34 6
40 34 36 2
191 33 37 40
40 32 38 120
40 35 39 6
33 5 38 120
99 32 0 120
99 4 36 2
6 34 2 36
6 3 35 184
33 1 191 186
35 6 39 34
191 33 1 5
34 36 40 32
33 37 40 35
32 38 40 33
35 39 40 34
68 43 41 69
43 69 42 43
57 42 43 69
53 71 52 53
82 70 75 74
68 44 41 68
51 68 44 41
83 77 53 80
45 74 70 75
95 86 92 94
57 50 42 57
74 45 70 81
57 46 43 58
89 83 53 77
67 64 59 60
68 43 47 58
51 44 48 51
66 57 46 43
61 58 47 43
62 51 48 44
63 56 49 63
60 55 50 60
58 59 46 66
61 67 65 64
51 61 47 58
56 62 48 51
64 63 49 56
96 78 54 81
82 79 70 81
78 96 54 97
64 49 55 64
63 65 64 67
78 81 54 79
62 48 56 62
70 45 74 70
52 53 71 89
66 50 57 42
67 61 65 62
43 57 42 50
59 46 58 43
66 60 59 64
46 58 43 47
68 51 44 48
55 50 60 66
47 51 61 62
61 51 62 48
61 47 51 68
60 55 64 49
63 56 65 62
46 57 66 50
61 58 67 59
58 67 61 65
46 66 59 60
56 65 63 64
55 64 60 59
49 63 64 65
56 62 65 61
65 61 62 51
58 59 67 64
50 60 66 59
65 64 67 59
47 43 68 41
44 68 51 47
43 68 41 44
57 66 50 60
67 61 58 47
43 47 68 51
43 41 69 43
46 57 43 42
41 69 43 42
48 62 56 65
65 63 56 49
80 53 52 71
91 89 71 53
94 90 72 94
87 95 73 87
88 73 74 88
93 74 75 70
90 91 71 89
93 85 76 84
95 92 72 94
88 87 73 95
73 88 74 93
77 97 83 82
97 54 79 81
53 52 80 53
70 45 81 70
54 81 79 70
54 97 79 82
96 77 80 53
54 78 81 54
96 80 78 96
79 70 82 75
97 82 79 70
83 82 75 70
75 82 83 97
89 83 75 82
97 83 77 53
86 76 84 85
89 75 85 93
87 76 86 84
88 76 87 86
93 76 88 87
86 95 92 72
73 87 88 76
95 86 87 76
85 93 76 88
89 85 84 76
85 75 89 83
91 89 84 85
84 89 85 75
83 89 53 71
94 84 91 89
91 71 90 91
53 89 83 75
74 93 75 85
84 91 89 71
75 93 74 88
72 90 94 91
86 94 92 72
84 91 94 90
87 95 86 92
76 93 88 74
92 72 95 92
94 84 86 76
92 94 86 84
54 96 78 80
77 80 96 78
73 95 87 86
76 93 85 75
97 96 77 80
52 80 53 77
96 77 97 83
79 97 82 83
79 97 54 96
77 96 97 54
91 84 94 86
19 11 98 99
36 4 99 11
99 0 98 7
4 11 99 98
0 99 98 11
104 124 122 100
123 100 101 124
123 101 102 105
105 124 101 100
124 122 104 124
101 123 100 101
123 102 103 106
122 100 124 101
118 104 109 124
119 105 102 101
124 101 105 102
102 106 103 102
119 102 106 103
112 109 105 124
113 119 106 102
113 106 107 113
115 117 108 115
125 118 109 104
112 111 105 119
116 112 110 111
107 113 106 119
113 114 107 117
118 115 108 117
113 110 111 112
105 109 112 125
114 110 113 111
113 110 114 116
116 125 112 109
110 116 112 125
116 114 115 117
107 113 114 110
119 111 113 110
105 112 111 110
114 115 116 126
113 119 111 105
118 125 109 112
112 116 110 114
114 107 117 114
114 117 115 108
115 117 114 107
115 108 118 115
125 126 116 115
109 118 104 109
111 119 113 106
102 105 119 111
108 118 115 126
105 119 102 106
32 0 120 121
0 7 121 15
38 120 32 0
32 120 38 5
15 121 21 13
21 121 15 7
5 120 121 0
124 100 122 124
115 116 114 110
102 103 123 102
101 123 102 103
104 124 109 105
122 104 124 109
100 123 101 102
126 125 118 109
112 116 125 126
101 105 124 109
125 118 126 115
118 126 115 116
118 126 125 116
150 129 127 151
129 151 128 129
139 128 129 151
150 130 127 150
136 150 130 127
139 135 128 139
139 131 129 140
149 146 141 142
150 129 132 140
136 130 133 136
129 139 131 148
143 140 132 129
144 136 133 130
145 138 134 145
142 137 135 142
149 141 131 148
143 149 147 146
136 143 132 140
138 144 133 136
146 145 134 138
146 134 137 146
145 147 146 149
144 133 138 144
148 135 139 128
149 143 147 144
129 139 128 135
149 131 140 129
148 142 141 146
131 140 129 132
150 136 130 133
137 135 142 148
132 136 143 144
143 136 144 133
143 132 136 150
142 137 146 134
145 138 147 144
135 139 148 131
143 140 149 131
140 149 143 147
131 148 141 142
138 147 145 146
137 146 142 141
134 145 146 147
138 144 147 143
147 143 144 136
131 141 149 146
135 142 148 141
147 146 149 141
132 129 150 127
130 150 136 132
129 150 127 130
139 148 135 142
149 143 140 132
129 132 150 136
129 127 151 129
131 139 129 128
127 151 129 128
133 144 138 147
147 145 138 134
154 157 153 154
168 156 161 160
169 163 154 166
152 160 156 161
181 172 178 180
167 152 156 160
175 169 154 163
182 164 155 167
168 165 156 167
164 182 155 183
164 167 155 165
156 152 160 156
153 154 157 175
166 154 153 157
177 175 157 154
180 176 158 180
173 181 159 173
174 159 160 174
179 160 161 156
176 177 157 175
179 171 162 170
181 178 158 180
174 173 159 181
159 174 160 179
163 183 169 168
183 155 165 167
154 153 166 154
156 152 167 156
155 167 165 156
155 183 165 168
182 163 166 154
155 164 167 155
182 166 164 182
165 156 168 161
183 168 165 156
169 168 161 156
161 168 169 183
175 169 161 168
183 169 163 154
172 162 170 171
175 161 171 179
173 162 172 170
174 162 173 172
179 162 174 173
172 181 178 158
159 173 174 162
181 172 173 162
171 179 162 174
175 171 170 162
171 161 175 169
177 175 170 171
170 175 171 161
169 175 154 157
180 170 177 175
177 157 176 177
154 175 169 161
160 179 161 171
170 177 175 157
161 179 160 174
158 176 180 177
172 180 178 158
170 177 180 176
173 181 172 178
162 179 174 160
178 158 181 178
180 170 172 162
178 180 172 170
155 182 164 166
163 166 182 164
159 181 173 172
162 179 171 161
183 182 163 166
153 166 154 163
182 163 183 169
165 183 168 169
165 183 155 182
163 182 183 155
177 170 180 172
37 189 184 190
190 12 185 20
189 184 37 35
37 184 35 3
20 185 18 10
18 185 20 12
190 184 185 10
9 11 2 4
185 184 190 189
7 121 0 120
14 9 6 2
5 13 1 8
3 10 6 14
8 16 12 20
14 22 9 17
21 16 13 8
9 17 11 19
7 98 15 19
11 19 98 15
18 22 10 14
27 23 19 15
26 30 18 22
16 24 20 28
30 25 22 17
29 24 21 16
15 23 21 29
17 25 19 27
28 26 20 18
29 23 31 27
28 24 31 29
30 26 31 28
27 25 31 30
4 36 2 34
4 99 36 32
0 32 99 36
39 35 6 3
186 191 187 188
2 34 6 39
1 33 5 38
37 40 33 38
39 40 35 37
36 40 34 39
38 40 32 36
120 121 5 13
185 10 184 3
8 1 186 191
189 187 188 191
191 37 188 189
188 189 187 190
12 185 190 184
37 33 191 1
187 188 191 37
189 187 190 12
187 189 188 37
187 191 186 1
12 187 186 191
187 190 189 184
57 66 46 59
64 60 55 50
63 64 49 55
46 59 58 67
208 196 201 200
90 94 72 92
71 91 90 94
106 113 107 114
109 112 105 111
141 148 131 139
146 137 142 135
145 134 146 137
141 131 149 140
152 156 167 165
173 174 159 160
176 180 158 178
157 177 176 180
184 37 189 188
185 190 12 187
33 191 37 188
8 186 12 187
1 186 8 12
216 197 193 194
205 196 207 192
74 73 88 87
209 203 194 206
192 200 196 201
221 212 218 220
200 192 196 207
215 209 194 203
222 204 195 207
208 205 196 207
204 222 195 223
204 207 195 205
199 192 200 196
193 194 197 215
206 194 193 197
217 215 197 194
226 216 198 220
224 221 199 213
192 199 200 214
219 200 201 196
216 217 197 215
219 211 202 210
221 218 198 220
214 213 199 221
199 214 200 219
203 223 209 208
223 195 205 207
225 193 206 194
224 192 207 196
195 207 205 196
195 223 205 208
222 203 206 194
225 204 207 195
225 206 204 222
205 196 208 201
223 208 205 196
209 208 201 196
201 208 209 223
215 209 201 208
223 209 203 194
212 202 210 211
215 201 211 219
213 202 212 210
214 202 213 212
219 202 214 213
212 221 218 198
199 213 214 202
221 212 213 202
211 219 202 214
215 211 210 202
211 201 215 209
217 215 210 211
210 215 211 201
209 215 194 197
220 210 217 215
193 197 216 217
194 215 209 201
200 219 201 211
210 217 215 197
201 219 200 214
198 216 220 217
212 220 218 198
210 217 220 216
213 221 212 218
202 219 214 200
226 198 221 218
220 210 212 202
218 220 212 210
195 222 204 206
203 206 222 204
199 221 213 212
202 219 211 201
223 222 203 206
193 206 194 203
222 203 223 209
205 223 208 209
205 223 195 222
203 222 223 195
217 210 220 212
216 220 198 218
197 217 216 220
200 199 214 213
226 225 193 206
199 224 192 207
221 226 224 225
225 224 207 192
204 207 225 224
207 225 224 226
204 206 225 193
221 199 224 192
193 226 225 224
216 193 226 225
207 204 225 206
224 192 199 200
226 221 224 199
198 226 221 224
216 198 226 221
193 216 226 198
197 193 216 226
251 232 228 229
243 231 236 235
244 238 229 241
227 235 231 236
256 247 253 255
242 227 231 235
250 244 229 238
257 239 230 242
243 240 231 242
239 257 230 258
239 242 230 240
234 227 235 231
228 229 232 250
241 229 228 232
252 250 232 229
261 251 233 255
259 256 234 248
227 234 235 249
254 235 236 231
251 252 232 250
254 246 237 245
256 253 233 255
249 248 234 256
234 249 235 254
238 258 244 243
258 230 240 242
260 228 241 229
262 227 242 231
230 242 240 231
230 258 240 243
257 238 241 229
260 239 242 230
260 241 239 257
240 231 243 236
258 243 240 231
244 243 236 231
236 243 244 258
250 244 236 243
258 244 238 229
247 237 245 246
250 236 246 254
248 237 247 245
249 237 248 247
254 237 249 248
247 256 253 233
234 248 249 237
256 247 248 237
246 254 237 249
250 246 245 237
246 236 250 244
252 250 245 246
245 250 246 236
244 250 229 232
255 245 252 250
228 232 251 252
229 250 244 236
235 254 236 246
245 252 250 232
236 254 235 249
233 251 255 252
247 255 253 233
245 252 255 251
248 256 247 253
237 254 249 235
261 233 256 253
255 245 247 237
253 255 247 245
230 257 239 241
238 241 257 239
234 256 248 247
237 254 246 236
258 257 238 241
228 241 229 238
257 238 258 244
240 258 243 244
240 258 230 257
238 257 258 230
252 245 255 247
227 231 242 240
248 249 234 235
251 255 233 253
232 252 251 255
241 260 228 261
234 262 227 242
256 261 259 260
262 259 242 260
239 242 260 259
242 260 259 261
251 228 261 260
228 261 260 259
256 233 261 251
228 261 251 233
232 228 251 261
259 256 261 233
234 259 256 261
262 234 259 256
262 227 234 235
242 259 262 234
227 262 234 259
259 262 242 227
239 241 260 228
242 239 260 241
287 268 264 265
279 267 272 271
280 274 265 277
263 271 267 272
292 283 289 291
278 263 267 271
286 280 265 274
293 275 266 278
279 276 267 278
275 293 266 294
275 278 266 276
270 263 271 267
264 265 268 286
277 265 264 268
288 286 268 265
297 287 269 291
295 292 270 284
263 270 271 285
290 271 272 267
287 288 268 286
290 282 273 281
292 289 269 291
285 284 270 292
270 285 271 290
274 294 280 279
294 266 276 278
296 264 277 265
298 263 278 267
266 278 276 267
266 294 276 279
293 274 277 265
296 275 278 266
296 277 275 293
276 267 279 272
294 279 276 267
280 279 272 267
272 279 280 294
286 280 272 279
294 280 274 265
283 273 281 282
286 272 282 290
284 273 283 281
285 273 284 283
290 273 285 284
283 292 289 269
270 284 285 273
292 283 284 273
282 290 273 285
286 282 281 273
282 272 286 280
288 286 281 282
281 286 282 272
280 286 265 268
291 281 288 286
264 268 287 288
265 286 280 272
271 290 272 282
281 288 286 268
272 290 271 285
269 287 291 288
283 291 289 269
281 288 291 287
284 292 283 289
273 290 285 271
297 269 292 289
291 281 283 273
289 291 283 281
266 293 275 277
274 277 293 275
270 292 284 283
273 290 282 272
294 293 274 277
264 277 265 274
293 274 294 280
276 294 279 280
276 294 266 293
274 293 294 266
288 281 291 283
263 267 278 276
284 285 270 271
287 291 269 289
268 288 287 291
277 296 264 297
270 298 263 278
292 297 295 296
298 295 278 296
275 278 296 295
278 296 295 297
287 264 297 296
264 297 296 295
292 269 297 287
264 297 287 269
268 264 287 297
295 292 297 269
270 295 292 297
298 270 295 292
298 263 270 271
278 295 298 270
263 298 270 295
295 298 278 263
275 277 296 264
278 275 296 277
315 303 308 307
323 304 300 301
312 303 314 299
316 310 301 313
299 307 303 308
328 319 325 327
307 299 303 314
322 316 301 310
329 311 302 314
315 312 303 314
311 329 302 330
311 314 302 312
306 299 307 303
300 301 304 322
313 301 300 304
324 322 304 301
333 323 305 327
331 328 306 320
299 306 307 321
326 307 308 303
323 324 304 322
326 318 309 317
328 325 305 327
321 320 306 328
306 321 307 326
310 330 316 315
330 302 312 314
332 300 313 301
331 299 314 303
302 314 312 303
302 330 312 315
329 310 313 301
332 311 314 302
332 313 311 329
312 303 315 308
330 315 312 303
316 315 308 303
308 315 316 330
322 316 308 315
330 316 310 301
319 309 317 318
322 308 318 326
320 309 319 317
321 309 320 319
326 309 321 320
319 328 325 305
306 320 321 309
328 319 320 309
318 326 309 321
322 318 317 309
318 308 322 316
324 322 317 318
317 322 318 308
316 322 301 304
327 317 324 322
300 304 323 324
301 322 316 308
307 326 308 318
317 324 322 304
308 326 307 321
305 323 327 324
319 327 325 305
317 324 327 323
320 328 319 325
309 326 321 307
333 305 328 325
327 317 319 309
325 327 319 317
302 329 311 313
310 313 329 311
306 328 320 319
309 326 318 308
330 329 310 313
300 313 301 310
329 310 330 316
312 330 315 316
312 330 302 329
310 329 330 302
324 317 327 319
323 327 305 325
304 324 323 327
307 306 321 320
333 332 300 313
306 331 299 314
328 333 331 332
332 331 314 299
311 314 332 331
314 332 331 333
311 313 332 300
328 306 331 299
300 333 332 331
323 300 333 332
314 311 332 313
331 299 306 307
333 328 331 306
305 333 328 331
323 305 333 328
300 323 333 305
304 300 323 333
0
