44
-0.06878873705863953 -0.10056297481060028 0.0 0 1.0
0.13233722746372223 0.0 0.0 0 1.0
-0.06878873705863953 0.10056297481060028 0.0 0 1.0
-0.3425102233886719 0.0 0.8932085633277893 0 1.0
0.38301923871040344 0.10095998644828796 -3.8743019104003906e-07 0 1.0
0.5478044748306274 0.10912394523620605 -7.450580596923828e-08 0 1.0
0.42282116413116455 0.21682724356651306 -7.450580596923828e-08 0 1.0
0.2057395577430725 0.22662633657455444 0.544084370136261 0 1.0
0.14674946665763855 -0.24888339638710022 -5.811452865600586e-07 0 1.0
0.17535096406936646 -0.49687328934669495 -1.043081283569336e-07 0 1.0
0.32561951875686646 -0.29753321409225464 -1.043081283569336e-07 0 1.0
0.3189738392829895 0.031188905239105225 0.8232262134552002 0 1.0
0.049800388514995575 -0.2624925374984741 -5.88223997510795e-07 0 1.0
-0.15859995782375336 -0.12506483495235443 -1.0194916910677421e-07 0 1.0
-0.10240889340639114 -0.36829251050949097 -1.0992803822773567e-07 0 1.0
0.1537451446056366 -0.5744175910949707 0.8232262134552002 0 1.0
0.028455257415771484 0.39647334814071655 -5.811452865600586e-07 0 1.0
-0.03392219543457031 0.638188362121582 -1.043081283569336e-07 0 1.0
-0.15540021657943726 0.4201052784919739 -1.043081283569336e-07 0 1.0
-0.10368688404560089 0.09540823101997375 0.8232262134552002 0 1.0
-0.34016209840774536 -0.19622944295406342 -3.8743019104003906e-07 0 1.0
-0.46885132789611816 -0.2994762659072876 -7.450580596923828e-08 0 1.0
-0.304454505443573 -0.313423216342926 -7.450580596923828e-08 0 1.0
-0.12287106364965439 -0.19405867159366608 0.544084370136261 0 1.0
-0.25804874300956726 0.1485876888036728 -3.8743019104003906e-07 0 1.0
-0.20613312721252441 0.3051941692829132 -7.450580596923828e-08 0 1.0
-0.351713091135025 0.22755858302116394 -7.450580596923828e-08 0 1.0
-0.43927064538002014 0.028676390647888184 0.544084370136261 0 1.0
0.22935611009597778 -0.5939368009567261 -3.887673756253207e-07 0 1.0
0.17146652936935425 -0.7484347224235535 -6.737996471883889e-08 0 1.0
0.3199196457862854 -0.6764453053474426 -7.265333579198341e-08 0 1.0
0.41504794359207153 -0.4810711443424225 0.544084370136261 0 1.0
0.49380001425743103 -0.2109583020210266 0.0 0 1.0
0.645272970199585 -0.3771524429321289 0.0 0 1.0
0.687344491481781 -0.15625759959220886 0.0 0 1.0
0.5161275863647461 0.07979565113782883 0.8932085633277893 0 1.0
-0.3920478820800781 -0.5924032330513 0.0 0 1.0
-0.19092196226119995 -0.49184027314186096 0.0 0 1.0
-0.3920478820800781 -0.3912772834300995 0.0 0 1.0
-0.6657694578170776 -0.49184027314186096 0.8932085633277893 0 1.0
0.12154866009950638 0.39619195461273193 0.0 0 1.0
0.05879960209131241 0.1802588701248169 0.0 0 1.0
0.2691955268383026 0.25961947441101074 0.0 0 1.0
0.3812399208545685 0.5288451313972473 0.8932085633277893 0 1.0
44
-0.06878873705863953 -0.10056297481060028 0.0 0 1.0 0.5625457763671875 0.506104052066803
0.13233722746372223 0.0 0.0 0 1.0 0.4372405707836151 0.3807988464832306
-0.3425102233886719 0.0 0.8932085633277893 0 1.0 0.5625457763671875 0.2554936707019806
-0.06878873705863953 0.10056297481060028 0.0 0 1.0 0.8090513348579407 0.23966002464294434
-0.06878873705863953 -0.10056297481060028 0.0 0 1.0 0.6895102858543396 0.12011896818876266
-0.3425102233886719 0.0 0.8932085633277893 0 1.0 0.8090513348579407 0.0005779050406999886
-0.06878873705863953 0.10056297481060028 0.0 0 1.0 0.509990394115448 0.2511882781982422
-0.3425102233886719 0.0 0.8932085633277893 0 1.0 0.3846851885318756 0.125883087515831
0.13233722746372223 0.0 0.0 0 1.0 0.509990394115448 0.0005779050406999886
-0.06878873705863953 0.10056297481060028 0.0 0 1.0 0.8886483907699585 0.16944798827171326
0.13233722746372223 0.0 0.0 0 1.0 0.8886483907699585 0.24788923561573029
-0.06878873705863953 -0.10056297481060028 0.0 0 1.0 0.810207188129425 0.2478892207145691
0.38301923871040344 0.10095998644828796 -3.8743019104003906e-07 0 1.0 0.24325349926948547 0.8564877510070801
0.5478044748306274 0.10912394523620605 -7.450580596923828e-08 0 1.0 0.15939635038375854 0.7726306319236755
0.2057395577430725 0.22662633657455444 0.544084370136261 0 1.0 0.24325349926948547 0.6887734532356262
0.42282116413116455 0.21682724356651306 -7.450580596923828e-08 0 1.0 0.9669645428657532 0.2554936707019806
0.38301923871040344 0.10095998644828796 -3.8743019104003906e-07 0 1.0 0.9669645428657532 0.3596956431865692
0.2057395577430725 0.22662633657455444 0.544084370136261 0 1.0 0.8627625107765198 0.35969558358192444
0.42282116413116455 0.21682724356651306 -7.450580596923828e-08 0 1.0 0.11916981637477875 0.8475918769836426
0.2057395577430725 0.22662633657455444 0.544084370136261 0 1.0 0.11916980892419815 0.9661838412284851
0.5478044748306274 0.10912394523620605 -7.450580596923828e-08 0 1.0 0.0005779050406999886 0.9661838412284851
0.42282116413116455 0.21682724356651306 -7.450580596923828e-08 0 1.0 0.6171319484710693 0.4338577389717102
0.5478044748306274 0.10912394523620605 -7.450580596923828e-08 0 1.0 0.6171319484710693 0.48728814721107483
0.38301923871040344 0.10095998644828796 -3.8743019104003906e-07 0 1.0 0.5637015700340271 0.48728814721107483
0.14674946665763855 -0.24888339638710022 -5.811452865600586e-07 0 1.0 0.2554936110973358 0.5092534422874451
0.17535096406936646 -0.49687328934669495 -1.043081283569336e-07 0 1.0 0.1286136955022812 0.382373571395874
0.3189738392829895 0.031188905239105225 0.8232262134552002 0 1.0 0.2554936110973358 0.2554936707019806
0.32561951875686646 -0.29753321409225464 -1.043081283569336e-07 0 1.0 0.548724889755249 0.9085925221443176
0.14674946665763855 -0.24888339638710022 -5.811452865600586e-07 0 1.0 0.4372405707836151 0.7971082329750061
0.3189738392829895 0.031188905239105225 0.8232262134552002 0 1.0 0.548724889755249 0.6856238842010498
0.32561951875686646 -0.29753321409225464 -1.043081283569336e-07 0 1.0 0.2554936408996582 0.2543378174304962
0.3189738392829895 0.031188905239105225 0.8232262134552002 0 1.0 0.1286136955022812 0.127457857131958
0.17535096406936646 -0.49687328934669495 -1.043081283569336e-07 0 1.0 0.2554936408996582 0.0005779050406999886
0.32561951875686646 -0.29753321409225464 -1.043081283569336e-07 0 1.0 0.6070451140403748 0.9154376983642578
0.17535096406936646 -0.49687328934669495 -1.043081283569336e-07 0 1.0 0.5498806834220886 0.8582731485366821
0.14674946665763855 -0.24888339638710022 -5.811452865600586e-07 0 1.0 0.6070451140403748 0.801108717918396
0.049800388514995575 -0.2624925374984741 -5.88223997510795e-07 0 1.0 0.43608471751213074 0.2554936707019806
-0.15859995782375336 -0.12506483495235443 -1.0194916910677421e-07 0 1.0 0.43608471751213074 0.4349289536476135
0.1537451446056366 -0.5744175910949707 0.8232262134552002 0 1.0 0.2566494047641754 0.4349289536476135
-0.10240889340639114 -0.36829251050949097 -1.0992803822773567e-07 0 1.0 0.15824054181575775 0.6887734532356262
0.049800388514995575 -0.2624925374984741 -5.88223997510795e-07 0 1.0 0.15824052691459656 0.846436083316803
0.1537451446056366 -0.5744175910949707 0.8232262134552002 0 1.0 0.0005779050406999886 0.846436083316803
-0.10240889340639114 -0.36829251050949097 -1.0992803822773567e-07 0 1.0 0.383529394865036 0.2543378174304962
0.1537451446056366 -0.5744175910949707 0.8232262134552002 0 1.0 0.2566494345664978 0.127457857131958
-0.15859995782375336 -0.12506483495235443 -1.0194916910677421e-07 0 1.0 0.383529394865036 0.0005779050406999886
-0.10240889340639114 -0.36829251050949097 -1.0992803822773567e-07 0 1.0 0.6070451736450195 0.7999529242515564
-0.15859995782375336 -0.12506483495235443 -1.0194916910677421e-07 0 1.0 0.5498806834220886 0.7427884340286255
0.049800388514995575 -0.2624925374984741 -5.88223997510795e-07 0 1.0 0.6070451736450195 0.6856238842010498
0.028455257415771484 0.39647334814071655 -5.811452865600586e-07 0 1.0 0.127457857131958 0.5092535614967346
-0.03392219543457031 0.638188362121582 -1.043081283569336e-07 0 1.0 0.0005779050406999886 0.3823736011981964
-0.10368688404560089 0.09540823101997375 0.8232262134552002 0 1.0 0.127457857131958 0.2554936707019806
-0.15540021657943726 0.4201052784919739 -1.043081283569336e-07 0 1.0 0.7732672691345215 0.7474977970123291
0.028455257415771484 0.39647334814071655 -5.811452865600586e-07 0 1.0 0.7732672691345215 0.9051604270935059
-0.10368688404560089 0.09540823101997375 0.8232262134552002 0 1.0 0.6156046390533447 0.9051604270935059
-0.15540021657943726 0.4201052784919739 -1.043081283569336e-07 0 1.0 0.1274578869342804 0.2543378472328186
-0.10368688404560089 0.09540823101997375 0.8232262134552002 0 1.0 0.0005779050406999886 0.1274578869342804
-0.03392219543457031 0.638188362121582 -1.043081283569336e-07 0 1.0 0.1274578869342804 0.0005779050406999886
-0.15540021657943726 0.4201052784919739 -1.043081283569336e-07 0 1.0 0.43356162309646606 0.9071419835090637
-0.03392219543457031 0.638188362121582 -1.043081283569336e-07 0 1.0 0.37639713287353516 0.8499774932861328
0.028455257415771484 0.39647334814071655 -5.811452865600586e-07 0 1.0 0.43356162309646606 0.7928129434585571
-0.34016209840774536 -0.19622944295406342 -3.8743019104003906e-07 0 1.0 0.24325349926948547 0.8576436042785645
-0.46885132789611816 -0.2994762659072876 -7.450580596923828e-08 0 1.0 0.24325348436832428 0.9762355089187622
-0.12287106364965439 -0.19405867159366608 0.544084370136261 0 1.0 0.12466157972812653 0.9762355089187622
-0.304454505443573 -0.313423216342926 -7.450580596923828e-08 0 1.0 0.9669645428657532 0.3608514368534088
-0.34016209840774536 -0.19622944295406342 -3.8743019104003906e-07 0 1.0 0.9669645428657532 0.46505337953567505
-0.12287106364965439 -0.19405867159366608 0.544084370136261 0 1.0 0.8627625107765198 0.46505337953567505
-0.304454505443573 -0.313423216342926 -7.450580596923828e-08 0 1.0 0.37524133920669556 0.7928129434585571
-0.12287106364965439 -0.19405867159366608 0.544084370136261 0 1.0 0.37524133920669556 0.9114049077033997
-0.46885132789611816 -0.2994762659072876 -7.450580596923828e-08 0 1.0 0.2566494047641754 0.9114049077033997
-0.304454505443573 -0.313423216342926 -7.450580596923828e-08 0 1.0 0.5645766258239746 0.1789419800043106
-0.46885132789611816 -0.2994762659072876 -7.450580596923828e-08 0 1.0 0.5645766258239746 0.23237238824367523
-0.34016209840774536 -0.19622944295406342 -3.8743019104003906e-07 0 1.0 0.5111461877822876 0.23237238824367523
-0.25804874300956726 0.1485876888036728 -3.8743019104003906e-07 0 1.0 0.8940643668174744 0.16829217970371246
-0.20613312721252441 0.3051941692829132 -7.450580596923828e-08 0 1.0 0.810207188129425 0.08443504571914673
-0.43927064538002014 0.028676390647888184 0.544084370136261 0 1.0 0.8940643668174744 0.0005779050406999886
-0.351713091135025 0.22755858302116394 -7.450580596923828e-08 0 1.0 0.25262388586997986 0.6577731370925903
-0.25804874300956726 0.1485876888036728 -3.8743019104003906e-07 0 1.0 0.1789419800043106 0.5840912461280823
-0.43927064538002014 0.028676390647888184 0.544084370136261 0 1.0 0.25262388586997986 0.5104093551635742
-0.351713091135025 0.22755858302116394 -7.450580596923828e-08 0 1.0 0.8582802414894104 0.9152120351791382
-0.43927064538002014 0.028676390647888184 0.544084370136261 0 1.0 0.7744230628013611 0.8313549160957336
-0.20613312721252441 0.3051941692829132 -7.450580596923828e-08 0 1.0 0.8582802414894104 0.7474977970123291
-0.351713091135025 0.22755858302116394 -7.450580596923828e-08 0 1.0 0.9797923564910889 0.6595395803451538
-0.20613312721252441 0.3051941692829132 -7.450580596923828e-08 0 1.0 0.9420114159584045 0.6217585802078247
-0.25804874300956726 0.1485876888036728 -3.8743019104003906e-07 0 1.0 0.9797923564910889 0.5839775800704956
0.22935611009597778 -0.5939368009567261 -3.887673756253207e-07 0 1.0 0.9408556222915649 0.6749740839004517
0.17146652936935425 -0.7484347224235535 -6.737996471883889e-08 0 1.0 0.8569984436035156 0.5911170244216919
0.41504794359207153 -0.4810711443424225 0.544084370136261 0 1.0 0.9408556222915649 0.5072598457336426
0.3199196457862854 -0.6764453053474426 -7.265333579198341e-08 0 1.0 0.9994220733642578 0.0005779050406999886
0.22935611009597778 -0.5939368009567261 -3.887673756253207e-07 0 1.0 0.9994220733642578 0.10477983951568604
0.41504794359207153 -0.4810711443424225 0.544084370136261 0 1.0 0.895220160484314 0.10477983206510544
0.3199196457862854 -0.6764453053474426 -7.265333579198341e-08 0 1.0 0.9432932138442993 0.9152120351791382
0.41504794359207153 -0.4810711443424225 0.544084370136261 0 1.0 0.85943603515625 0.8313548564910889
0.17146652936935425 -0.7484347224235535 -6.737996471883889e-08 0 1.0 0.9432932138442993 0.7474977970123291
0.3199196457862854 -0.6764453053474426 -7.265333579198341e-08 0 1.0 0.9797923564910889 0.582821786403656
0.17146652936935425 -0.7484347224235535 -6.737996471883889e-08 0 1.0 0.9420114159584045 0.5450408458709717
0.22935611009597778 -0.5939368009567261 -3.887673756253207e-07 0 1.0 0.9797923564910889 0.5072598457336426
0.49380001425743103 -0.2109583020210266 0.0 0 1.0 0.6144488453865051 0.5072598457336426
0.645272970199585 -0.3771524429321289 0.0 0 1.0 0.6144488453865051 0.6844680905342102
0.5161275863647461 0.07979565113782883 0.8932085633277893 0 1.0 0.4372405707836151 0.6844680905342102
0.687344491481781 -0.15625759959220886 0.0 0 1.0 0.855842649936676 0.7463420033454895
0.49380001425743103 -0.2109583020210266 0.0 0 1.0 0.7363015413284302 0.6268008947372437
0.5161275863647461 0.07979565113782883 0.8932085633277893 0 1.0 0.855842649936676 0.5072598457336426
0.687344491481781 -0.15625759959220886 0.0 0 1.0 0.43385767936706543 0.4360848069190979
0.5161275863647461 0.07979565113782883 0.8932085633277893 0 1.0 0.43385767936706543 0.6132930517196655
0.645272970199585 -0.3771524429321289 0.0 0 1.0 0.2566494047641754 0.6132930517196655
0.687344491481781 -0.15625759959220886 0.0 0 1.0 0.5156817436218262 0.9097483158111572
0.645272970199585 -0.3771524429321289 0.0 0 1.0 0.5156817436218262 0.9881895184516907
0.49380001425743103 -0.2109583020210266 0.0 0 1.0 0.4372405707836151 0.9881895184516907
-0.3920478820800781 -0.5924032330513 0.0 0 1.0 0.43385767936706543 0.6144489049911499
-0.19092196226119995 -0.49184027314186096 0.0 0 1.0 0.43385767936706543 0.7916571497917175
-0.6657694578170776 -0.49184027314186096 0.8932085633277893 0 1.0 0.2566494047641754 0.7916571497917175
-0.3920478820800781 -0.3912772834300995 0.0 0 1.0 0.8616066575050354 0.4945757985115051
-0.3920478820800781 -0.5924032330513 0.0 0 1.0 0.7420656085014343 0.37503471970558167
-0.6657694578170776 -0.49184027314186096 0.8932085633277893 0 1.0 0.8616066575050354 0.2554936707019806
-0.3920478820800781 -0.3912772834300995 0.0 0 1.0 0.17778617143630981 0.5104093551635742
-0.6657694578170776 -0.49184027314186096 0.8932085633277893 0 1.0 0.17778617143630981 0.6876176595687866
-0.19092196226119995 -0.49184027314186096 0.0 0 1.0 0.0005779050406999886 0.6876176595687866
-0.3920478820800781 -0.3912772834300995 0.0 0 1.0 0.9682454466819763 0.16944798827171326
-0.19092196226119995 -0.49184027314186096 0.0 0 1.0 0.9682454466819763 0.2478892058134079
-0.3920478820800781 -0.5924032330513 0.0 0 1.0 0.8898042440414429 0.2478892058134079
0.12154866009950638 0.39619195461273193 0.0 0 1.0 0.6883544921875 0.0005779050406999886
0.05879960209131241 0.1802588701248169 0.0 0 1.0 0.6883544921875 0.17778617143630981
0.3812399208545685 0.5288451313972473 0.8932085633277893 0 1.0 0.5111461877822876 0.17778617143630981
0.2691955268383026 0.25961947441101074 0.0 0 1.0 0.7351457476615906 0.7463420033454895
0.12154866009950638 0.39619195461273193 0.0 0 1.0 0.6156046390533447 0.6268008947372437
0.3812399208545685 0.5288451313972473 0.8932085633277893 0 1.0 0.7351457476615906 0.5072598457336426
0.2691955268383026 0.25961947441101074 0.0 0 1.0 0.7409098148345947 0.2554936707019806
0.3812399208545685 0.5288451313972473 0.8932085633277893 0 1.0 0.7409098148345947 0.4327019453048706
0.05879960209131241 0.1802588701248169 0.0 0 1.0 0.5637015700340271 0.4327019453048706
0.2691955268383026 0.25961947441101074 0.0 0 1.0 0.6940458416938782 0.9063162207603455
0.05879960209131241 0.1802588701248169 0.0 0 1.0 0.6940458416938782 0.9847574234008789
0.12154866009950638 0.39619195461273193 0.0 0 1.0 0.6156046390533447 0.9847574234008789
66
3 2 0 1
3 0 1 2
3 1 2 0
1 3 0 2
0 3 1 2
0 3 2 1
7 6 4 5
7 4 5 6
7 5 6 4
5 7 4 6
4 7 5 6
4 7 6 5
11 10 8 9
11 8 9 10
11 9 10 8
9 11 8 10
8 11 9 10
8 11 10 9
15 14 12 13
15 12 13 14
15 13 14 12
13 15 12 14
12 15 13 14
12 15 14 13
19 18 16 17
19 16 17 18
19 17 18 16
17 19 16 18
16 19 17 18
16 19 18 17
23 22 20 21
23 20 21 22
23 21 22 20
21 23 20 22
20 23 21 22
20 23 22 21
27 26 24 25
27 24 25 26
27 25 26 24
25 27 24 26
24 27 25 26
24 27 26 25
31 30 28 29
31 28 29 30
31 29 30 28
29 31 28 30
28 31 29 30
28 31 30 29
35 34 32 33
35 32 33 34
35 33 34 32
33 35 32 34
32 35 33 34
32 35 34 33
39 38 36 37
39 36 37 38
39 37 38 36
37 39 36 38
36 39 37 38
36 39 38 37
43 42 40 41
43 40 41 42
43 41 42 40
41 43 40 42
40 43 41 42
40 43 42 41
0
