model 3
-104.0 -44.000003814697266 -20.0
66.0 100.00003051757812 20.0
384
-8.0 8.000003814697266 -1.9999998807907104 0 0 0 1.0 0.0 0.0 1.0
7.999999523162842 8.000003814697266 -1.9999998807907104 0 0 0 1.0 0.0 0.0 1.0
8.0 -7.999997615814209 -1.9999998807907104 0 0 0 1.0 0.0 0.0 1.0
-8.000003814697266 -7.99999475479126 -1.9999998807907104 0 0 0 1.0 0.0 0.0 1.0
-7.999996662139893 8.000007629394531 7.450580596923828e-08 0 0 0 1.0 0.0 0.0 1.0
8.000003814697266 8.0 7.450580596923828e-08 0 0 0 1.0 0.0 0.0 1.0
7.999996662139893 -7.999999523162842 7.450580596923828e-08 0 0 0 1.0 0.0 0.0 1.0
-7.999999523162842 -7.999996662139893 7.450580596923828e-08 0 0 0 1.0 0.0 0.0 1.0
-12.000000953674316 30.000003814697266 -2.999999761581421 0 0 0 1.0 0.0 0.0 1.0
11.999999046325684 30.000003814697266 -2.999999761581421 0 0 0 1.0 0.0 0.0 1.0
12.0 6.000000476837158 -2.999999761581421 0 0 0 1.0 0.0 0.0 1.0
-12.000003814697266 6.000007152557373 -2.999999761581421 0 0 0 1.0 0.0 0.0 1.0
-11.999993324279785 30.000011444091797 -0.9999998807907104 0 0 0 1.0 0.0 0.0 1.0
12.000006675720215 29.999996185302734 -0.9999998807907104 0 0 0 1.0 0.0 0.0 1.0
11.999996185302734 5.999996662139893 -0.9999998807907104 0 0 0 1.0 0.0 0.0 1.0
-12.0 6.000003337860107 -0.9999998807907104 0 0 0 1.0 0.0 0.0 1.0
-5.000001430511475 31.069766998291016 -1.9999998807907104 0 0 0 1.0 0.0 0.0 1.0
-5.000001430511475 31.069766998291016 7.450580596923828e-08 0 0 0 1.0 0.0 0.0 1.0
-9.000000953674316 31.069766998291016 -1.9999998807907104 0 0 0 1.0 0.0 0.0 1.0
-9.000000953674316 31.069766998291016 7.450580596923828e-08 0 0 0 1.0 0.0 0.0 1.0
-5.000001430511475 35.069766998291016 -1.9999998807907104 0 0 0 1.0 0.0 0.0 1.0
-5.000001430511475 35.069766998291016 7.450580596923828e-08 0 0 0 1.0 0.0 0.0 1.0
-9.000001907348633 35.069766998291016 -1.9999998807907104 0 0 0 1.0 0.0 0.0 1.0
-9.000001907348633 35.069766998291016 7.450580596923828e-08 0 0 0 1.0 0.0 0.0 1.0
-1.401814074597496e-06 32.069766998291016 -0.9436724185943604 0 0 0 1.0 0.0 0.0 1.0
-1.401814074597496e-06 32.069766998291016 1.0563275814056396 0 0 0 1.0 0.0 0.0 1.0
-4.000001430511475 32.069766998291016 -0.9436724185943604 0 0 0 1.0 0.0 0.0 1.0
-4.000001430511475 32.069766998291016 1.0563275814056396 0 0 0 1.0 0.0 0.0 1.0
-1.5766595424793195e-06 36.069766998291016 -0.9436724185943604 0 0 0 1.0 0.0 0.0 1.0
-1.5766595424793195e-06 36.069766998291016 1.0563275814056396 0 0 0 1.0 0.0 0.0 1.0
-4.000001430511475 36.069766998291016 -0.9436724185943604 0 0 0 1.0 0.0 0.0 1.0
-4.000001430511475 36.069766998291016 1.0563275814056396 0 0 0 1.0 0.0 0.0 1.0
4.999998569488525 33.0000114440918 -7.450580596923828e-08 0 0 0 1.0 0.0 0.0 1.0
4.999998569488525 33.0000114440918 1.9999998807907104 0 0 0 1.0 0.0 0.0 1.0
0.9999985694885254 33.0000114440918 -7.450580596923828e-08 0 0 0 1.0 0.0 0.0 1.0
0.9999985694885254 33.0000114440918 1.9999998807907104 0 0 0 1.0 0.0 0.0 1.0
4.999998569488525 37.0000114440918 -7.450580596923828e-08 0 0 0 1.0 0.0 0.0 1.0
4.999998569488525 37.0000114440918 1.9999998807907104 0 0 0 1.0 0.0 0.0 1.0
0.9999983906745911 37.0000114440918 -7.450580596923828e-08 0 0 0 1.0 0.0 0.0 1.0
0.9999983906745911 37.0000114440918 1.9999998807907104 0 0 0 1.0 0.0 0.0 1.0
-18.000003814697266 74.00001525878906 0.9999998807907104 0 0 0 1.0 0.0 0.0 1.0
17.999996185302734 74.00001525878906 0.9999998807907104 0 0 0 1.0 0.0 0.0 1.0
17.9999942779541 38.0000114440918 0.9999998807907104 0 0 0 1.0 0.0 0.0 1.0
-18.000009536743164 38.0000114440918 0.9999998807907104 0 0 0 1.0 0.0 0.0 1.0
-17.999996185302734 74.00003051757812 2.999999761581421 0 0 0 1.0 0.0 0.0 1.0
18.00000762939453 74.0 2.999999761581421 0 0 0 1.0 0.0 0.0 1.0
17.99999237060547 38.000003814697266 2.999999761581421 0 0 0 1.0 0.0 0.0 1.0
-18.000001907348633 38.0000114440918 2.999999761581421 0 0 0 1.0 0.0 0.0 1.0
15.99999713897705 76.00001525878906 -7.450580596923828e-08 0 0 0 1.0 0.0 0.0 1.0
39.999996185302734 76.00001525878906 -7.450580596923828e-08 0 0 0 1.0 0.0 0.0 1.0
39.99999237060547 52.0000114440918 -7.450580596923828e-08 0 0 0 1.0 0.0 0.0 1.0
15.999992370605469 52.0000114440918 -7.450580596923828e-08 0 0 0 1.0 0.0 0.0 1.0
16.0 76.00001525878906 1.9999998807907104 0 0 0 1.0 0.0 0.0 1.0
40.000003814697266 76.0 1.9999998807907104 0 0 0 1.0 0.0 0.0 1.0
39.9999885559082 52.000003814697266 1.9999998807907104 0 0 0 1.0 0.0 0.0 1.0
15.999996185302734 52.0000114440918 1.9999998807907104 0 0 0 1.0 0.0 0.0 1.0
-16.000001907348633 50.0000114440918 -20.0 0 0 0 1.0 0.0 0.0 1.0
-16.000001907348633 50.0000114440918 20.0 0 0 0 1.0 0.0 0.0 1.0
-32.000003814697266 50.0000114440918 -20.0 0 0 0 1.0 0.0 0.0 1.0
-32.000003814697266 50.0000114440918 20.0 0 0 0 1.0 0.0 0.0 1.0
-16.000003814697266 66.00001525878906 -20.0 0 0 0 1.0 0.0 0.0 1.0
-16.000003814697266 66.00001525878906 20.0 0 0 0 1.0 0.0 0.0 1.0
-32.000003814697266 66.00001525878906 -20.0 0 0 0 1.0 0.0 0.0 1.0
-32.000003814697266 66.00001525878906 20.0 0 0 0 1.0 0.0 0.0 1.0
-20.000001907348633 65.00001525878906 -7.450580596923828e-08 0 0 0 1.0 0.0 0.0 1.0
-20.000001907348633 65.00001525878906 1.9999998807907104 0 0 0 1.0 0.0 0.0 1.0
-24.000001907348633 65.00001525878906 -7.450580596923828e-08 0 0 0 1.0 0.0 0.0 1.0
-24.000001907348633 65.00001525878906 1.9999998807907104 0 0 0 1.0 0.0 0.0 1.0
-20.000003814697266 69.00001525878906 -7.450580596923828e-08 0 0 0 1.0 0.0 0.0 1.0
-20.000003814697266 69.00001525878906 1.9999998807907104 0 0 0 1.0 0.0 0.0 1.0
-24.000003814697266 69.00001525878906 -7.450580596923828e-08 0 0 0 1.0 0.0 0.0 1.0
-24.000003814697266 69.00001525878906 1.9999998807907104 0 0 0 1.0 0.0 0.0 1.0
-26.03776741027832 65.00001525878906 -1.0 0 0 0 1.0 0.0 0.0 1.0
-26.03776741027832 65.00001525878906 1.0 0 0 0 1.0 0.0 0.0 1.0
-30.03776741027832 65.00001525878906 -1.0 0 0 0 1.0 0.0 0.0 1.0
-30.03776741027832 65.00001525878906 1.0 0 0 0 1.0 0.0 0.0 1.0
-26.037769317626953 69.00001525878906 -1.0 0 0 0 1.0 0.0 0.0 1.0
-26.037769317626953 69.00001525878906 1.0 0 0 0 1.0 0.0 0.0 1.0
-30.037769317626953 69.00001525878906 -1.0 0 0 0 1.0 0.0 0.0 1.0
-30.037769317626953 69.00001525878906 1.0 0 0 0 1.0 0.0 0.0 1.0
-31.000001907348633 64.00001525878906 -1.9999998807907104 0 0 0 1.0 0.0 0.0 1.0
-31.000001907348633 64.00001525878906 7.450580596923828e-08 0 0 0 1.0 0.0 0.0 1.0
-35.000003814697266 64.00001525878906 -1.9999998807907104 0 0 0 1.0 0.0 0.0 1.0
-35.000003814697266 64.00001525878906 7.450580596923828e-08 0 0 0 1.0 0.0 0.0 1.0
-31.000003814697266 68.00001525878906 -1.9999998807907104 0 0 0 1.0 0.0 0.0 1.0
-31.000003814697266 68.00001525878906 7.450580596923828e-08 0 0 0 1.0 0.0 0.0 1.0
-35.000003814697266 68.00001525878906 -1.9999998807907104 0 0 0 1.0 0.0 0.0 1.0
-35.000003814697266 68.00001525878906 7.450580596923828e-08 0 0 0 1.0 0.0 0.0 1.0
-31.000001907348633 58.0000114440918 -2.999999761581421 0 0 0 1.0 0.0 0.0 1.0
-31.000001907348633 58.0000114440918 -0.9999998807907104 0 0 0 1.0 0.0 0.0 1.0
-35.000003814697266 58.0000114440918 -2.999999761581421 0 0 0 1.0 0.0 0.0 1.0
-35.000003814697266 58.0000114440918 -0.9999998807907104 0 0 0 1.0 0.0 0.0 1.0
-31.000001907348633 62.0000114440918 -2.999999761581421 0 0 0 1.0 0.0 0.0 1.0
-31.000001907348633 62.0000114440918 -0.9999998807907104 0 0 0 1.0 0.0 0.0 1.0
-35.000003814697266 62.0000114440918 -2.999999761581421 0 0 0 1.0 0.0 0.0 1.0
-35.000003814697266 62.0000114440918 -0.9999998807907104 0 0 0 1.0 0.0 0.0 1.0
-3.9999992847442627 72.00001525878906 -20.0 0 0 0 1.0 0.0 0.0 1.0
-3.9999992847442627 72.00001525878906 20.0 0 0 0 1.0 0.0 0.0 1.0
-20.0 72.00001525878906 -20.0 0 0 0 1.0 0.0 0.0 1.0
-20.0 72.00001525878906 20.0 0 0 0 1.0 0.0 0.0 1.0
-4.0 88.00001525878906 -20.0 0 0 0 1.0 0.0 0.0 1.0
-4.0 88.00001525878906 20.0 0 0 0 1.0 0.0 0.0 1.0
-20.0 88.00001525878906 -20.0 0 0 0 1.0 0.0 0.0 1.0
-20.0 88.00001525878906 20.0 0 0 0 1.0 0.0 0.0 1.0
20.0 72.00001525878906 -20.0 0 0 0 1.0 0.0 0.0 1.0
20.0 72.00001525878906 20.0 0 0 0 1.0 0.0 0.0 1.0
4.000000476837158 72.00001525878906 -20.0 0 0 0 1.0 0.0 0.0 1.0
4.000000476837158 72.00001525878906 20.0 0 0 0 1.0 0.0 0.0 1.0
20.0 88.00001525878906 -20.0 0 0 0 1.0 0.0 0.0 1.0
20.0 88.00001525878906 20.0 0 0 0 1.0 0.0 0.0 1.0
4.0 88.00001525878906 -20.0 0 0 0 1.0 0.0 0.0 1.0
4.0 88.00001525878906 20.0 0 0 0 1.0 0.0 0.0 1.0
23.999998092651367 54.0000114440918 0.9999998807907104 0 0 0 1.0 0.0 0.0 1.0
31.999998092651367 54.0000114440918 0.9999998807907104 0 0 0 1.0 0.0 0.0 1.0
31.999998092651367 46.0000114440918 0.9999998807907104 0 0 0 1.0 0.0 0.0 1.0
23.999996185302734 46.0000114440918 0.9999998807907104 0 0 0 1.0 0.0 0.0 1.0
24.0 54.0000114440918 2.999999761581421 0 0 0 1.0 0.0 0.0 1.0
31.999998092651367 54.0000114440918 2.999999761581421 0 0 0 1.0 0.0 0.0 1.0
31.999996185302734 46.0000114440918 2.999999761581421 0 0 0 1.0 0.0 0.0 1.0
23.999998092651367 46.0000114440918 2.999999761581421 0 0 0 1.0 0.0 0.0 1.0
35.999996185302734 56.0000114440918 0.9999998807907104 0 0 0 1.0 0.0 0.0 1.0
43.999996185302734 56.00001525878906 0.9999998807907104 0 0 0 1.0 0.0 0.0 1.0
43.999996185302734 48.00001525878906 0.9999998807907104 0 0 0 1.0 0.0 0.0 1.0
35.999996185302734 48.0000114440918 0.9999998807907104 0 0 0 1.0 0.0 0.0 1.0
35.999996185302734 56.0000114440918 2.999999761581421 0 0 0 1.0 0.0 0.0 1.0
44.0 56.00001525878906 2.999999761581421 0 0 0 1.0 0.0 0.0 1.0
43.999996185302734 48.00001525878906 2.999999761581421 0 0 0 1.0 0.0 0.0 1.0
35.999996185302734 48.0000114440918 2.999999761581421 0 0 0 1.0 0.0 0.0 1.0
37.999996185302734 74.00001525878906 0.9999998807907104 0 0 0 1.0 0.0 0.0 1.0
45.999996185302734 74.00001525878906 0.9999998807907104 0 0 0 1.0 0.0 0.0 1.0
45.999996185302734 66.00001525878906 0.9999998807907104 0 0 0 1.0 0.0 0.0 1.0
37.999996185302734 66.00001525878906 0.9999998807907104 0 0 0 1.0 0.0 0.0 1.0
37.999996185302734 74.00001525878906 2.999999761581421 0 0 0 1.0 0.0 0.0 1.0
46.0 74.00001525878906 2.999999761581421 0 0 0 1.0 0.0 0.0 1.0
45.999996185302734 66.00001525878906 2.999999761581421 0 0 0 1.0 0.0 0.0 1.0
37.999996185302734 66.00001525878906 2.999999761581421 0 0 0 1.0 0.0 0.0 1.0
33.999996185302734 74.00001525878906 -20.0 0 0 0 1.0 0.0 0.0 1.0
33.999996185302734 74.00001525878906 20.0 0 0 0 1.0 0.0 0.0 1.0
17.999996185302734 74.00001525878906 -20.0 0 0 0 1.0 0.0 0.0 1.0
17.999996185302734 74.00001525878906 20.0 0 0 0 1.0 0.0 0.0 1.0
33.999996185302734 90.00001525878906 -20.0 0 0 0 1.0 0.0 0.0 1.0
33.999996185302734 90.00001525878906 20.0 0 0 0 1.0 0.0 0.0 1.0
17.999996185302734 90.00001525878906 -20.0 0 0 0 1.0 0.0 0.0 1.0
17.999996185302734 90.00001525878906 20.0 0 0 0 1.0 0.0 0.0 1.0
47.999996185302734 72.00001525878906 -20.0 0 0 0 1.0 0.0 0.0 1.0
47.999996185302734 72.00001525878906 20.0 0 0 0 1.0 0.0 0.0 1.0
31.999996185302734 72.00001525878906 -20.0 0 0 0 1.0 0.0 0.0 1.0
31.999996185302734 72.00001525878906 20.0 0 0 0 1.0 0.0 0.0 1.0
47.999996185302734 88.00001525878906 -20.0 0 0 0 1.0 0.0 0.0 1.0
47.999996185302734 88.00001525878906 20.0 0 0 0 1.0 0.0 0.0 1.0
31.999996185302734 88.00001525878906 -20.0 0 0 0 1.0 0.0 0.0 1.0
31.999996185302734 88.00001525878906 20.0 0 0 0 1.0 0.0 0.0 1.0
-18.000003814697266 74.00001525878906 -20.0 0 0 0 1.0 0.0 0.0 1.0
-18.000003814697266 74.00001525878906 20.0 0 0 0 1.0 0.0 0.0 1.0
-34.000003814697266 74.00001525878906 -20.0 0 0 0 1.0 0.0 0.0 1.0
-34.000003814697266 74.00001525878906 20.0 0 0 0 1.0 0.0 0.0 1.0
-18.000003814697266 90.00001525878906 -20.0 0 0 0 1.0 0.0 0.0 1.0
-18.000003814697266 90.00001525878906 20.0 0 0 0 1.0 0.0 0.0 1.0
-34.000003814697266 90.00001525878906 -20.0 0 0 0 1.0 0.0 0.0 1.0
-34.000003814697266 90.00001525878906 20.0 0 0 0 1.0 0.0 0.0 1.0
9.999999046325684 22.000003814697266 -1.9999998807907104 0 0 0 1.0 0.0 0.0 1.0
17.999998092651367 22.000003814697266 -1.9999998807907104 0 0 0 1.0 0.0 0.0 1.0
18.0 14.000004768371582 -1.9999998807907104 0 0 0 1.0 0.0 0.0 1.0
9.999999046325684 14.000003814697266 -1.9999998807907104 0 0 0 1.0 0.0 0.0 1.0
10.00000286102295 22.00000762939453 7.450580596923828e-08 0 0 0 1.0 0.0 0.0 1.0
18.0 22.0 7.450580596923828e-08 0 0 0 1.0 0.0 0.0 1.0
17.999998092651367 14.000004768371582 7.450580596923828e-08 0 0 0 1.0 0.0 0.0 1.0
9.999999046325684 14.000003814697266 7.450580596923828e-08 0 0 0 1.0 0.0 0.0 1.0
31.999998092651367 22.0000057220459 -1.9999998807907104 0 0 0 1.0 0.0 0.0 1.0
40.0 22.0000057220459 -1.9999998807907104 0 0 0 1.0 0.0 0.0 1.0
40.0 14.000005722045898 -1.9999998807907104 0 0 0 1.0 0.0 0.0 1.0
31.999998092651367 14.000004768371582 -1.9999998807907104 0 0 0 1.0 0.0 0.0 1.0
31.999998092651367 22.000009536743164 7.450580596923828e-08 0 0 0 1.0 0.0 0.0 1.0
40.000003814697266 22.000001907348633 7.450580596923828e-08 0 0 0 1.0 0.0 0.0 1.0
40.0 14.000005722045898 7.450580596923828e-08 0 0 0 1.0 0.0 0.0 1.0
32.0 14.000004768371582 7.450580596923828e-08 0 0 0 1.0 0.0 0.0 1.0
43.0 10.000005722045898 0.9999998807907104 0 0 0 1.0 0.0 0.0 1.0
43.0 10.000005722045898 2.999999761581421 0 0 0 1.0 0.0 0.0 1.0
43.0 14.000005722045898 0.9999998807907104 0 0 0 1.0 0.0 0.0 1.0
43.0 14.000005722045898 2.999999761581421 0 0 0 1.0 0.0 0.0 1.0
47.0 10.000005722045898 0.9999998807907104 0 0 0 1.0 0.0 0.0 1.0
47.0 10.000005722045898 2.999999761581421 0 0 0 1.0 0.0 0.0 1.0
47.0 14.000005722045898 0.9999998807907104 0 0 0 1.0 0.0 0.0 1.0
47.0 14.000005722045898 2.999999761581421 0 0 0 1.0 0.0 0.0 1.0
42.0 15.000005722045898 -7.450580596923828e-08 0 0 0 1.0 0.0 0.0 1.0
42.0 15.000005722045898 1.9999998807907104 0 0 0 1.0 0.0 0.0 1.0
42.0 19.0000057220459 -7.450580596923828e-08 0 0 0 1.0 0.0 0.0 1.0
42.0 19.0000057220459 1.9999998807907104 0 0 0 1.0 0.0 0.0 1.0
46.0 15.000005722045898 -7.450580596923828e-08 0 0 0 1.0 0.0 0.0 1.0
46.0 15.000005722045898 1.9999998807907104 0 0 0 1.0 0.0 0.0 1.0
46.0 19.0000057220459 -7.450580596923828e-08 0 0 0 1.0 0.0 0.0 1.0
46.0 19.0000057220459 1.9999998807907104 0 0 0 1.0 0.0 0.0 1.0
41.0 20.0000057220459 -1.0 0 0 0 1.0 0.0 0.0 1.0
41.0 20.0000057220459 1.0 0 0 0 1.0 0.0 0.0 1.0
41.0 24.0000057220459 -1.0 0 0 0 1.0 0.0 0.0 1.0
41.0 24.0000057220459 1.0 0 0 0 1.0 0.0 0.0 1.0
45.0 20.0000057220459 -1.0 0 0 0 1.0 0.0 0.0 1.0
45.0 20.0000057220459 1.0 0 0 0 1.0 0.0 0.0 1.0
45.0 24.0000057220459 -1.0 0 0 0 1.0 0.0 0.0 1.0
45.0 24.0000057220459 1.0 0 0 0 1.0 0.0 0.0 1.0
64.0 6.000006675720215 1.9999995231628418 0 0 0 1.0 0.0 0.0 1.0
64.0 6.000006675720215 4.0 0 0 0 1.0 0.0 0.0 1.0
48.0 6.000005722045898 1.9999995231628418 0 0 0 1.0 0.0 0.0 1.0
48.0 6.000005722045898 4.0 0 0 0 1.0 0.0 0.0 1.0
64.0 22.0000057220459 1.9999995231628418 0 0 0 1.0 0.0 0.0 1.0
64.0 22.0000057220459 4.0 0 0 0 1.0 0.0 0.0 1.0
48.0 22.0000057220459 1.9999995231628418 0 0 0 1.0 0.0 0.0 1.0
48.0 22.0000057220459 4.0 0 0 0 1.0 0.0 0.0 1.0
-24.000001907348633 44.0000114440918 1.9999998807907104 0 0 0 1.0 0.0 0.0 1.0
-16.000001907348633 44.0000114440918 1.9999998807907104 0 0 0 1.0 0.0 0.0 1.0
-16.000001907348633 36.0000114440918 1.9999998807907104 0 0 0 1.0 0.0 0.0 1.0
-24.000001907348633 36.0000114440918 1.9999998807907104 0 0 0 1.0 0.0 0.0 1.0
-24.000001907348633 44.0000114440918 3.999999761581421 0 0 0 1.0 0.0 0.0 1.0
-15.999998092651367 44.0000114440918 3.999999761581421 0 0 0 1.0 0.0 0.0 1.0
-16.000001907348633 36.0000114440918 3.999999761581421 0 0 0 1.0 0.0 0.0 1.0
-24.000001907348633 36.0000114440918 3.999999761581421 0 0 0 1.0 0.0 0.0 1.0
-46.000003814697266 44.00000762939453 1.9999998807907104 0 0 0 1.0 0.0 0.0 1.0
-38.000003814697266 44.0000114440918 1.9999998807907104 0 0 0 1.0 0.0 0.0 1.0
-38.0 36.0000114440918 1.9999998807907104 0 0 0 1.0 0.0 0.0 1.0
-46.0 36.00000762939453 1.9999998807907104 0 0 0 1.0 0.0 0.0 1.0
-46.000003814697266 44.00000762939453 3.999999761581421 0 0 0 1.0 0.0 0.0 1.0
-38.000003814697266 44.0000114440918 3.999999761581421 0 0 0 1.0 0.0 0.0 1.0
-38.0 36.0000114440918 3.999999761581421 0 0 0 1.0 0.0 0.0 1.0
-46.0 36.00000762939453 3.999999761581421 0 0 0 1.0 0.0 0.0 1.0
-68.0 44.00000762939453 1.9999998807907104 0 0 0 1.0 0.0 0.0 1.0
-60.000003814697266 44.00000762939453 1.9999998807907104 0 0 0 1.0 0.0 0.0 1.0
-60.0 36.00000762939453 1.9999998807907104 0 0 0 1.0 0.0 0.0 1.0
-68.0 36.00000762939453 1.9999998807907104 0 0 0 1.0 0.0 0.0 1.0
-68.0 44.00000762939453 3.999999761581421 0 0 0 1.0 0.0 0.0 1.0
-60.000003814697266 44.00000762939453 3.999999761581421 0 0 0 1.0 0.0 0.0 1.0
-60.0 36.00000762939453 3.999999761581421 0 0 0 1.0 0.0 0.0 1.0
-68.0 36.00000762939453 3.999999761581421 0 0 0 1.0 0.0 0.0 1.0
-90.0 52.00000762939453 0.9999998807907104 0 0 0 1.0 0.0 0.0 1.0
-66.0 52.00000762939453 0.9999998807907104 0 0 0 1.0 0.0 0.0 1.0
-66.0 28.00000762939453 0.9999998807907104 0 0 0 1.0 0.0 0.0 1.0
-90.0 28.00000762939453 0.9999998807907104 0 0 0 1.0 0.0 0.0 1.0
-90.0 52.00001525878906 2.999999761581421 0 0 0 1.0 0.0 0.0 1.0
-65.99999237060547 52.0 2.999999761581421 0 0 0 1.0 0.0 0.0 1.0
-66.0 28.0 2.999999761581421 0 0 0 1.0 0.0 0.0 1.0
-90.0 28.00000762939453 2.999999761581421 0 0 0 1.0 0.0 0.0 1.0
66.0 20.00000762939453 -20.0 0 0 0 1.0 0.0 0.0 1.0
66.0 20.00000762939453 20.0 0 0 0 1.0 0.0 0.0 1.0
50.0 20.0000057220459 -20.0 0 0 0 1.0 0.0 0.0 1.0
50.0 20.0000057220459 20.0 0 0 0 1.0 0.0 0.0 1.0
66.0 36.00000762939453 -20.0 0 0 0 1.0 0.0 0.0 1.0
66.0 36.00000762939453 20.0 0 0 0 1.0 0.0 0.0 1.0
50.0 36.00000762939453 -20.0 0 0 0 1.0 0.0 0.0 1.0
50.0 36.00000762939453 20.0 0 0 0 1.0 0.0 0.0 1.0
-72.0 50.00000762939453 -20.0 0 0 0 1.0 0.0 0.0 1.0
-72.0 50.00000762939453 20.0 0 0 0 1.0 0.0 0.0 1.0
-88.0 50.00000762939453 -20.0 0 0 0 1.0 0.0 0.0 1.0
-88.0 50.00000762939453 20.0 0 0 0 1.0 0.0 0.0 1.0
-72.0 66.00001525878906 -20.0 0 0 0 1.0 0.0 0.0 1.0
-72.0 66.00001525878906 20.0 0 0 0 1.0 0.0 0.0 1.0
-88.0 66.00000762939453 -20.0 0 0 0 1.0 0.0 0.0 1.0
-88.0 66.00000762939453 20.0 0 0 0 1.0 0.0 0.0 1.0
-86.0 40.00000762939453 -20.0 0 0 0 1.0 0.0 0.0 1.0
-86.0 40.00000762939453 20.0 0 0 0 1.0 0.0 0.0 1.0
-102.0 40.00000762939453 -20.0 0 0 0 1.0 0.0 0.0 1.0
-102.0 40.00000762939453 20.0 0 0 0 1.0 0.0 0.0 1.0
-86.0 56.00000762939453 -20.0 0 0 0 1.0 0.0 0.0 1.0
-86.0 56.00000762939453 20.0 0 0 0 1.0 0.0 0.0 1.0
-102.0 56.00000762939453 -20.0 0 0 0 1.0 0.0 0.0 1.0
-102.0 56.00000762939453 20.0 0 0 0 1.0 0.0 0.0 1.0
-88.0 26.00000762939453 -20.0 0 0 0 1.0 0.0 0.0 1.0
-88.0 26.00000762939453 20.0 0 0 0 1.0 0.0 0.0 1.0
-104.0 26.00000762939453 -20.0 0 0 0 1.0 0.0 0.0 1.0
-104.0 26.00000762939453 20.0 0 0 0 1.0 0.0 0.0 1.0
-88.0 42.00000762939453 -20.0 0 0 0 1.0 0.0 0.0 1.0
-88.0 42.00000762939453 20.0 0 0 0 1.0 0.0 0.0 1.0
-104.0 42.00000762939453 -20.0 0 0 0 1.0 0.0 0.0 1.0
-104.0 42.00000762939453 20.0 0 0 0 1.0 0.0 0.0 1.0
-74.0 14.000004768371582 -20.0 0 0 0 1.0 0.0 0.0 1.0
-74.0 14.000004768371582 20.0 0 0 0 1.0 0.0 0.0 1.0
-90.0 14.000003814697266 -20.0 0 0 0 1.0 0.0 0.0 1.0
-90.0 14.000003814697266 20.0 0 0 0 1.0 0.0 0.0 1.0
-74.0 30.00000762939453 -20.0 0 0 0 1.0 0.0 0.0 1.0
-74.0 30.00000762939453 20.0 0 0 0 1.0 0.0 0.0 1.0
-90.0 30.00000762939453 -20.0 0 0 0 1.0 0.0 0.0 1.0
-90.0 30.00000762939453 20.0 0 0 0 1.0 0.0 0.0 1.0
-76.0 46.00000762939453 1.9999998807907104 0 0 0 1.0 0.0 0.0 1.0
-76.0 46.00000762939453 3.999999761581421 0 0 0 1.0 0.0 0.0 1.0
-82.0 46.00000762939453 1.9999998807907104 0 0 0 1.0 0.0 0.0 1.0
-82.0 46.00000762939453 3.999999761581421 0 0 0 1.0 0.0 0.0 1.0
-76.0 52.00000762939453 1.9999998807907104 0 0 0 1.0 0.0 0.0 1.0
-76.0 52.00000762939453 3.999999761581421 0 0 0 1.0 0.0 0.0 1.0
-82.0 52.00000762939453 1.9999998807907104 0 0 0 1.0 0.0 0.0 1.0
-82.0 52.00000762939453 3.999999761581421 0 0 0 1.0 0.0 0.0 1.0
-81.0 45.00000762939453 2.999999761581421 0 0 0 1.0 0.0 0.0 1.0
-81.0 45.00000762939453 4.999999523162842 0 0 0 1.0 0.0 0.0 1.0
-87.0 45.00000762939453 2.999999761581421 0 0 0 1.0 0.0 0.0 1.0
-87.0 45.00000762939453 4.999999523162842 0 0 0 1.0 0.0 0.0 1.0
-81.0 51.00000762939453 2.999999761581421 0 0 0 1.0 0.0 0.0 1.0
-81.0 51.00000762939453 4.999999523162842 0 0 0 1.0 0.0 0.0 1.0
-87.0 51.00000762939453 2.999999761581421 0 0 0 1.0 0.0 0.0 1.0
-87.0 51.00000762939453 4.999999523162842 0 0 0 1.0 0.0 0.0 1.0
-82.0 40.00000762939453 3.999999761581421 0 0 0 1.0 0.0 0.0 1.0
-82.0 40.00000762939453 5.999999523162842 0 0 0 1.0 0.0 0.0 1.0
-88.0 40.00000762939453 3.999999761581421 0 0 0 1.0 0.0 0.0 1.0
-88.0 40.00000762939453 5.999999523162842 0 0 0 1.0 0.0 0.0 1.0
-82.0 46.00000762939453 3.999999761581421 0 0 0 1.0 0.0 0.0 1.0
-82.0 46.00000762939453 5.999999523162842 0 0 0 1.0 0.0 0.0 1.0
-88.0 46.00000762939453 3.999999761581421 0 0 0 1.0 0.0 0.0 1.0
-88.0 46.00000762939453 5.999999523162842 0 0 0 1.0 0.0 0.0 1.0
-83.0 35.00000762939453 4.999999523162842 0 0 0 1.0 0.0 0.0 1.0
-83.0 35.00000762939453 7.0 0 0 0 1.0 0.0 0.0 1.0
-89.0 35.00000762939453 4.999999523162842 0 0 0 1.0 0.0 0.0 1.0
-89.0 35.00000762939453 7.0 0 0 0 1.0 0.0 0.0 1.0
-83.0 41.00000762939453 4.999999523162842 0 0 0 1.0 0.0 0.0 1.0
-83.0 41.00000762939453 7.0 0 0 0 1.0 0.0 0.0 1.0
-89.0 41.00000762939453 4.999999523162842 0 0 0 1.0 0.0 0.0 1.0
-89.0 41.00000762939453 7.0 0 0 0 1.0 0.0 0.0 1.0
-76.0 28.00000762939453 5.999999523162842 0 0 0 1.0 0.0 0.0 1.0
-76.0 28.00000762939453 8.0 0 0 0 1.0 0.0 0.0 1.0
-82.0 28.00000762939453 5.999999523162842 0 0 0 1.0 0.0 0.0 1.0
-82.0 28.00000762939453 8.0 0 0 0 1.0 0.0 0.0 1.0
-76.0 34.00000762939453 5.999999523162842 0 0 0 1.0 0.0 0.0 1.0
-76.0 34.00000762939453 8.0 0 0 0 1.0 0.0 0.0 1.0
-82.0 34.00000762939453 5.999999523162842 0 0 0 1.0 0.0 0.0 1.0
-82.0 34.00000762939453 8.0 0 0 0 1.0 0.0 0.0 1.0
-72.0 29.00000762939453 6.999999046325684 0 0 0 1.0 0.0 0.0 1.0
-72.0 29.00000762939453 9.0 0 0 0 1.0 0.0 0.0 1.0
-78.0 29.00000762939453 6.999999046325684 0 0 0 1.0 0.0 0.0 1.0
-78.0 29.00000762939453 9.0 0 0 0 1.0 0.0 0.0 1.0
-72.0 35.00000762939453 6.999999046325684 0 0 0 1.0 0.0 0.0 1.0
-72.0 35.00000762939453 9.0 0 0 0 1.0 0.0 0.0 1.0
-78.0 35.00000762939453 6.999999046325684 0 0 0 1.0 0.0 0.0 1.0
-78.0 35.00000762939453 9.0 0 0 0 1.0 0.0 0.0 1.0
-10.000000953674316 12.000007629394531 -20.0 0 0 0 1.0 0.0 0.0 1.0
-10.000000953674316 12.000007629394531 20.0 0 0 0 1.0 0.0 0.0 1.0
-26.0 12.000006675720215 -20.0 0 0 0 1.0 0.0 0.0 1.0
-26.0 12.000006675720215 20.0 0 0 0 1.0 0.0 0.0 1.0
-10.000000953674316 28.000011444091797 -20.0 0 0 0 1.0 0.0 0.0 1.0
-10.000000953674316 28.000011444091797 20.0 0 0 0 1.0 0.0 0.0 1.0
-26.000001907348633 28.000009536743164 -20.0 0 0 0 1.0 0.0 0.0 1.0
-26.000001907348633 28.000009536743164 20.0 0 0 0 1.0 0.0 0.0 1.0
-63.999996185302734 84.00003051757812 -20.0 0 0 0 1.0 0.0 0.0 1.0
-63.999996185302734 84.00003051757812 20.0 0 0 0 1.0 0.0 0.0 1.0
-79.99999237060547 84.00003051757812 -20.0 0 0 0 1.0 0.0 0.0 1.0
-79.99999237060547 84.00003051757812 20.0 0 0 0 1.0 0.0 0.0 1.0
-63.999996185302734 100.00003051757812 -20.0 0 0 0 1.0 0.0 0.0 1.0
-63.999996185302734 100.00003051757812 20.0 0 0 0 1.0 0.0 0.0 1.0
-80.0 100.00003051757812 -20.0 0 0 0 1.0 0.0 0.0 1.0
-80.0 100.00003051757812 20.0 0 0 0 1.0 0.0 0.0 1.0
-48.0 -34.0 -20.0 0 0 0 1.0 0.0 0.0 1.0
-48.0 -34.0 20.0 0 0 0 1.0 0.0 0.0 1.0
-64.0 -34.0 -20.0 0 0 0 1.0 0.0 0.0 1.0
-64.0 -34.0 20.0 0 0 0 1.0 0.0 0.0 1.0
-48.0 -17.999998092651367 -20.0 0 0 0 1.0 0.0 0.0 1.0
-48.0 -17.999998092651367 20.0 0 0 0 1.0 0.0 0.0 1.0
-64.0 -17.999998092651367 -20.0 0 0 0 1.0 0.0 0.0 1.0
-64.0 -17.999998092651367 20.0 0 0 0 1.0 0.0 0.0 1.0
61.999996185302734 78.00001525878906 -20.0 0 0 0 1.0 0.0 0.0 1.0
61.999996185302734 78.00001525878906 20.0 0 0 0 1.0 0.0 0.0 1.0
45.999996185302734 78.00001525878906 -20.0 0 0 0 1.0 0.0 0.0 1.0
45.999996185302734 78.00001525878906 20.0 0 0 0 1.0 0.0 0.0 1.0
61.999996185302734 94.00001525878906 -20.0 0 0 0 1.0 0.0 0.0 1.0
61.999996185302734 94.00001525878906 20.0 0 0 0 1.0 0.0 0.0 1.0
45.999996185302734 94.00001525878906 -20.0 0 0 0 1.0 0.0 0.0 1.0
45.999996185302734 94.00001525878906 20.0 0 0 0 1.0 0.0 0.0 1.0
-32.000003814697266 80.00001525878906 -20.0 0 0 0 1.0 0.0 0.0 1.0
-32.000003814697266 80.00001525878906 20.0 0 0 0 1.0 0.0 0.0 1.0
-48.000003814697266 80.00001525878906 -20.0 0 0 0 1.0 0.0 0.0 1.0
-48.000003814697266 80.00001525878906 20.0 0 0 0 1.0 0.0 0.0 1.0
-32.000003814697266 96.00001525878906 -20.0 0 0 0 1.0 0.0 0.0 1.0
-32.000003814697266 96.00001525878906 20.0 0 0 0 1.0 0.0 0.0 1.0
-48.000003814697266 96.00001525878906 -20.0 0 0 0 1.0 0.0 0.0 1.0
-48.000003814697266 96.00001525878906 20.0 0 0 0 1.0 0.0 0.0 1.0
58.0 42.00001525878906 -20.0 0 0 0 1.0 0.0 0.0 1.0
58.0 42.00001525878906 20.0 0 0 0 1.0 0.0 0.0 1.0
42.0 42.0000114440918 -20.0 0 0 0 1.0 0.0 0.0 1.0
42.0 42.0000114440918 20.0 0 0 0 1.0 0.0 0.0 1.0
57.999996185302734 58.00001525878906 -20.0 0 0 0 1.0 0.0 0.0 1.0
57.999996185302734 58.00001525878906 20.0 0 0 0 1.0 0.0 0.0 1.0
41.999996185302734 58.0000114440918 -20.0 0 0 0 1.0 0.0 0.0 1.0
41.999996185302734 58.0000114440918 20.0 0 0 0 1.0 0.0 0.0 1.0
52.000003814697266 -44.0 -20.0 0 0 0 1.0 0.0 0.0 1.0
52.000003814697266 -44.0 20.0 0 0 0 1.0 0.0 0.0 1.0
36.000003814697266 -44.000003814697266 -20.0 0 0 0 1.0 0.0 0.0 1.0
36.000003814697266 -44.000003814697266 20.0 0 0 0 1.0 0.0 0.0 1.0
52.0 -28.000001907348633 -20.0 0 0 0 1.0 0.0 0.0 1.0
52.0 -28.000001907348633 20.0 0 0 0 1.0 0.0 0.0 1.0
36.0 -28.000001907348633 -20.0 0 0 0 1.0 0.0 0.0 1.0
36.0 -28.000001907348633 20.0 0 0 0 1.0 0.0 0.0 1.0
576
1 3 0
7 5 4
4 1 0
5 2 1
6 3 2
0 7 4
9 11 8
15 13 12
12 9 8
13 10 9
14 11 10
8 15 12
17 18 16
19 22 18
23 20 22
21 16 20
22 16 18
19 21 23
25 26 24
27 30 26
31 28 30
29 24 28
30 24 26
27 29 31
33 34 32
35 38 34
39 36 38
37 32 36
38 32 34
35 37 39
40 42 43
47 45 44
44 41 40
45 42 41
42 47 43
40 47 44
48 50 51
55 53 52
52 49 48
53 50 49
54 51 50
48 55 52
57 58 56
59 62 58
63 60 62
61 56 60
62 56 58
59 61 63
65 66 64
67 70 66
71 68 70
69 64 68
70 64 66
67 69 71
73 74 72
75 78 74
79 76 78
77 72 76
78 72 74
75 77 79
81 82 80
83 86 82
87 84 86
85 80 84
86 80 82
83 85 87
89 90 88
91 94 90
95 92 94
93 88 92
94 88 90
91 93 95
97 98 96
99 102 98
103 100 102
101 96 100
102 96 98
99 101 103
105 106 104
107 110 106
111 108 110
109 104 108
110 104 106
107 109 111
113 115 112
116 118 117
116 113 112
117 114 113
118 115 114
112 119 116
121 123 120
124 126 125
124 121 120
125 122 121
126 123 122
120 127 124
129 131 128
132 134 133
132 129 128
133 130 129
134 131 130
128 135 132
137 138 136
139 142 138
143 140 142
141 136 140
142 136 138
139 141 143
145 146 144
147 150 146
151 148 150
149 144 148
150 144 146
147 149 151
153 154 152
155 158 154
159 156 158
157 152 156
158 152 154
155 157 159
161 163 160
167 165 164
164 161 160
165 162 161
166 163 162
160 167 164
169 171 168
175 173 172
172 169 168
173 170 169
174 171 170
168 175 172
177 178 176
179 182 178
183 180 182
181 176 180
182 176 178
179 181 183
185 186 184
187 190 186
191 188 190
189 184 188
190 184 186
187 189 191
193 194 192
195 198 194
199 196 198
197 192 196
198 192 194
195 197 199
201 202 200
203 206 202
207 204 206
205 200 204
206 200 202
203 205 207
209 211 208
212 214 213
212 209 208
213 210 209
214 211 210
208 215 212
217 219 216
223 221 220
220 217 216
221 218 217
222 219 218
216 223 220
225 227 224
231 229 228
228 225 224
229 226 225
230 227 226
224 231 228
233 235 232
239 237 236
236 233 232
237 234 233
238 235 234
232 239 236
241 242 240
243 246 242
247 244 246
245 240 244
246 240 242
243 245 247
249 250 248
251 254 250
255 252 254
253 248 252
254 248 250
251 253 255
257 258 256
259 262 258
263 260 262
261 256 260
262 256 258
259 261 263
265 266 264
267 270 266
271 268 270
269 264 268
270 264 266
267 269 271
273 274 272
275 278 274
279 276 278
277 272 276
278 272 274
275 277 279
281 282 280
283 286 282
287 284 286
285 280 284
286 280 282
283 285 287
289 290 288
291 294 290
295 292 294
293 288 292
294 288 290
291 293 295
297 298 296
299 302 298
303 300 302
301 296 300
302 296 298
299 301 303
305 306 304
307 310 306
311 308 310
309 304 308
310 304 306
307 309 311
313 314 312
315 318 314
319 316 318
317 312 316
318 312 314
315 317 319
321 322 320
323 326 322
327 324 326
325 320 324
326 320 322
323 325 327
329 330 328
331 334 330
335 332 334
333 328 332
334 328 330
331 333 335
337 338 336
339 342 338
343 340 342
341 336 340
342 336 338
339 341 343
345 346 344
347 350 346
351 348 350
349 344 348
350 344 346
347 349 351
353 354 352
355 358 354
359 356 358
357 352 356
358 352 354
355 357 359
361 362 360
363 366 362
367 364 366
365 360 364
366 360 362
363 365 367
369 370 368
371 374 370
375 372 374
373 368 372
374 368 370
371 373 375
377 378 376
379 382 378
383 380 382
381 376 380
382 376 378
379 381 383
1 2 3
7 6 5
4 5 1
5 6 2
6 7 3
0 3 7
9 10 11
15 14 13
12 13 9
13 14 10
14 15 11
8 11 15
17 19 18
19 23 22
23 21 20
21 17 16
22 20 16
19 17 21
25 27 26
27 31 30
31 29 28
29 25 24
30 28 24
27 25 29
33 35 34
35 39 38
39 37 36
37 33 32
38 36 32
35 33 37
40 41 42
47 46 45
44 45 41
45 46 42
42 46 47
40 43 47
48 49 50
55 54 53
52 53 49
53 54 50
54 55 51
48 51 55
57 59 58
59 63 62
63 61 60
61 57 56
62 60 56
59 57 61
65 67 66
67 71 70
71 69 68
69 65 64
70 68 64
67 65 69
73 75 74
75 79 78
79 77 76
77 73 72
78 76 72
75 73 77
81 83 82
83 87 86
87 85 84
85 81 80
86 84 80
83 81 85
89 91 90
91 95 94
95 93 92
93 89 88
94 92 88
91 89 93
97 99 98
99 103 102
103 101 100
101 97 96
102 100 96
99 97 101
105 107 106
107 111 110
111 109 108
109 105 104
110 108 104
107 105 109
113 114 115
116 119 118
116 117 113
117 118 114
118 119 115
112 115 119
121 122 123
124 127 126
124 125 121
125 126 122
126 127 123
120 123 127
129 130 131
132 135 134
132 133 129
133 134 130
134 135 131
128 131 135
137 139 138
139 143 142
143 141 140
141 137 136
142 140 136
139 137 141
145 147 146
147 151 150
151 149 148
149 145 144
150 148 144
147 145 149
153 155 154
155 159 158
159 157 156
157 153 152
158 156 152
155 153 157
161 162 163
167 166 165
164 165 161
165 166 162
166 167 163
160 163 167
169 170 171
175 174 173
172 173 169
173 174 170
174 175 171
168 171 175
177 179 178
179 183 182
183 181 180
181 177 176
182 180 176
179 177 181
185 187 186
187 191 190
191 189 188
189 185 184
190 188 184
187 185 189
193 195 194
195 199 198
199 197 196
197 193 192
198 196 192
195 193 197
201 203 202
203 207 206
207 205 204
205 201 200
206 204 200
203 201 205
209 210 211
212 215 214
212 213 209
213 214 210
214 215 211
208 211 215
217 218 219
223 222 221
220 221 217
221 222 218
222 223 219
216 219 223
225 226 227
231 230 229
228 229 225
229 230 226
230 231 227
224 227 231
233 234 235
239 238 237
236 237 233
237 238 234
238 239 235
232 235 239
241 243 242
243 247 246
247 245 244
245 241 240
246 244 240
243 241 245
249 251 250
251 255 254
255 253 252
253 249 248
254 252 248
251 249 253
257 259 258
259 263 262
263 261 260
261 257 256
262 260 256
259 257 261
265 267 266
267 271 270
271 269 268
269 265 264
270 268 264
267 265 269
273 275 274
275 279 278
279 277 276
277 273 272
278 276 272
275 273 277
281 283 282
283 287 286
287 285 284
285 281 280
286 284 280
283 281 285
289 291 290
291 295 294
295 293 292
293 289 288
294 292 288
291 289 293
297 299 298
299 303 302
303 301 300
301 297 296
302 300 296
299 297 301
305 307 306
307 311 310
311 309 308
309 305 304
310 308 304
307 305 309
313 315 314
315 319 318
319 317 316
317 313 312
318 316 312
315 313 317
321 323 322
323 327 326
327 325 324
325 321 320
326 324 320
323 321 325
329 331 330
331 335 334
335 333 332
333 329 328
334 332 328
331 329 333
337 339 338
339 343 342
343 341 340
341 337 336
342 340 336
339 337 341
345 347 346
347 351 350
351 349 348
349 345 344
350 348 344
347 345 349
353 355 354
355 359 358
359 357 356
357 353 352
358 356 352
355 353 357
361 363 362
363 367 366
367 365 364
365 361 360
366 364 360
363 361 365
369 371 370
371 375 374
375 373 372
373 369 368
374 372 368
371 369 373
377 379 378
379 383 382
383 381 380
381 377 376
382 380 376
379 377 381
864
4 0 1 3
7 0 3 1
7 0 4 1
3 1 2 5
4 1 5 2
1 2 3 6
5 2 6 3
0 3 7 6
1 4 5 7
0 4 7 5
2 5 6 7
3 6 7 5
12 8 9 11
15 8 11 9
15 8 12 9
11 9 10 13
12 9 13 10
9 10 11 14
13 10 14 11
8 11 15 14
9 12 13 15
8 12 15 13
10 13 14 15
11 14 15 13
22 18 16 17
21 16 17 18
21 17 19 18
17 19 18 22
16 22 18 19
22 19 23 21
19 23 22 20
16 20 22 23
20 23 21 19
23 21 20 16
22 16 20 21
19 21 17 16
30 26 24 25
29 24 25 26
29 25 27 26
25 27 26 30
24 30 26 27
30 27 31 29
27 31 30 28
24 28 30 31
28 31 29 27
31 29 28 24
30 24 28 29
27 29 25 24
38 34 32 33
37 32 33 34
37 33 35 34
33 35 34 38
32 38 34 35
38 35 39 37
35 39 38 36
32 36 38 39
36 39 37 35
39 37 36 32
38 32 36 37
35 37 33 32
42 40 41 44
47 40 43 42
47 40 44 41
40 41 42 45
44 41 45 42
47 42 43 40
47 42 46 45
40 43 47 42
41 44 45 47
40 44 47 45
42 45 46 47
42 46 47 45
50 48 49 52
55 48 51 50
55 48 52 49
48 49 50 53
52 49 53 50
54 50 51 48
53 50 54 51
48 51 55 54
49 52 53 55
48 52 55 53
50 53 54 55
51 54 55 53
62 58 56 57
61 56 57 58
61 57 59 58
57 59 58 62
56 62 58 59
62 59 63 61
59 63 62 60
56 60 62 63
60 63 61 59
63 61 60 56
62 56 60 61
59 61 57 56
70 66 64 65
69 64 65 66
69 65 67 66
65 67 66 70
64 70 66 67
70 67 71 69
67 71 70 68
64 68 70 71
68 71 69 67
71 69 68 64
70 64 68 69
67 69 65 64
78 74 72 73
77 72 73 74
77 73 75 74
73 75 74 78
72 78 74 75
78 75 79 77
75 79 78 76
72 76 78 79
76 79 77 75
79 77 76 72
78 72 76 77
75 77 73 72
86 82 80 81
85 80 81 82
85 81 83 82
81 83 82 86
80 86 82 83
86 83 87 85
83 87 86 84
80 84 86 87
84 87 85 83
87 85 84 80
86 80 84 85
83 85 81 80
94 90 88 89
93 88 89 90
93 89 91 90
89 91 90 94
88 94 90 91
94 91 95 93
91 95 94 92
88 92 94 95
92 95 93 91
95 93 92 88
94 88 92 93
91 93 89 88
102 98 96 97
101 96 97 98
101 97 99 98
97 99 98 102
96 102 98 99
102 99 103 101
99 103 102 100
96 100 102 103
100 103 101 99
103 101 100 96
102 96 100 101
99 101 97 96
110 106 104 105
109 104 105 106
109 105 107 106
105 107 106 110
104 110 106 107
110 107 111 109
107 111 110 108
104 108 110 111
108 111 109 107
111 109 108 104
110 104 108 109
107 109 105 104
116 112 113 115
119 112 115 113
119 112 116 113
115 113 114 117
116 113 117 114
113 114 115 118
117 114 118 115
112 115 119 118
113 116 117 118
118 116 119 112
114 117 118 116
115 118 119 116
124 120 121 123
127 120 123 121
127 120 124 121
123 121 122 125
124 121 125 122
121 122 123 126
125 122 126 123
120 123 127 126
121 124 125 126
126 124 127 120
122 125 126 124
123 126 127 124
132 128 129 131
135 128 131 129
135 128 132 129
131 129 130 133
132 129 133 130
129 130 131 134
133 130 134 131
128 131 135 134
129 132 133 134
134 132 135 128
130 133 134 132
131 134 135 132
142 138 136 137
141 136 137 138
141 137 139 138
137 139 138 142
136 142 138 139
142 139 143 141
139 143 142 140
136 140 142 143
140 143 141 139
143 141 140 136
142 136 140 141
139 141 137 136
150 146 144 145
149 144 145 146
149 145 147 146
145 147 146 150
144 150 146 147
150 147 151 149
147 151 150 148
144 148 150 151
148 151 149 147
151 149 148 144
150 144 148 149
147 149 145 144
158 154 152 153
157 152 153 154
157 153 155 154
153 155 154 158
152 158 154 155
158 155 159 157
155 159 158 156
152 156 158 159
156 159 157 155
159 157 156 152
158 152 156 157
155 157 153 152
164 160 161 163
167 160 163 161
167 160 164 161
163 161 162 165
164 161 165 162
161 162 163 166
165 162 166 163
160 163 167 166
161 164 165 167
160 164 167 165
162 165 166 167
163 166 167 165
172 168 169 171
175 168 171 169
175 168 172 169
171 169 170 173
172 169 173 170
169 170 171 174
173 170 174 171
168 171 175 174
169 172 173 175
168 172 175 173
170 173 174 175
171 174 175 173
182 178 176 177
181 176 177 178
181 177 179 178
177 179 178 182
176 182 178 179
182 179 183 181
179 183 182 180
176 180 182 183
180 183 181 179
183 181 180 176
182 176 180 181
179 181 177 176
190 186 184 185
189 184 185 186
189 185 187 186
185 187 186 190
184 190 186 187
190 187 191 189
187 191 190 188
184 188 190 191
188 191 189 187
191 189 188 184
190 184 188 189
187 189 185 184
198 194 192 193
197 192 193 194
197 193 195 194
193 195 194 198
192 198 194 195
198 195 199 197
195 199 198 196
192 196 198 199
196 199 197 195
199 197 196 192
198 192 196 197
195 197 193 192
206 202 200 201
205 200 201 202
205 201 203 202
201 203 202 206
200 206 202 203
206 203 207 205
203 207 206 204
200 204 206 207
204 207 205 203
207 205 204 200
206 200 204 205
203 205 201 200
212 208 209 211
215 208 211 209
215 208 212 209
211 209 210 213
212 209 213 210
209 210 211 214
213 210 214 211
208 211 215 214
209 212 213 214
214 212 215 208
210 213 214 212
211 214 215 212
220 216 217 219
223 216 219 217
223 216 220 217
219 217 218 221
220 217 221 218
217 218 219 222
221 218 222 219
216 219 223 222
217 220 221 223
216 220 223 221
218 221 222 223
219 222 223 221
228 224 225 227
231 224 227 225
231 224 228 225
227 225 226 229
228 225 229 226
225 226 227 230
229 226 230 227
224 227 231 230
225 228 229 231
224 228 231 229
226 229 230 231
227 230 231 229
236 232 233 235
239 232 235 233
239 232 236 233
235 233 234 237
236 233 237 234
233 234 235 238
237 234 238 235
232 235 239 238
233 236 237 239
232 236 239 237
234 237 238 239
235 238 239 237
246 242 240 241
245 240 241 242
245 241 243 242
241 243 242 246
240 246 242 243
246 243 247 245
243 247 246 244
240 244 246 247
244 247 245 243
247 245 244 240
246 240 244 245
243 245 241 240
254 250 248 249
253 248 249 250
253 249 251 250
249 251 250 254
248 254 250 251
254 251 255 253
251 255 254 252
248 252 254 255
252 255 253 251
255 253 252 248
254 248 252 253
251 253 249 248
262 258 256 257
261 256 257 258
261 257 259 258
257 259 258 262
256 262 258 259
262 259 263 261
259 263 262 260
256 260 262 263
260 263 261 259
263 261 260 256
262 256 260 261
259 261 257 256
270 266 264 265
269 264 265 266
269 265 267 266
265 267 266 270
264 270 266 267
270 267 271 269
267 271 270 268
264 268 270 271
268 271 269 267
271 269 268 264
270 264 268 269
267 269 265 264
278 274 272 273
277 272 273 274
277 273 275 274
273 275 274 278
272 278 274 275
278 275 279 277
275 279 278 276
272 276 278 279
276 279 277 275
279 277 276 272
278 272 276 277
275 277 273 272
286 282 280 281
285 280 281 282
285 281 283 282
281 283 282 286
280 286 282 283
286 283 287 285
283 287 286 284
280 284 286 287
284 287 285 283
287 285 284 280
286 280 284 285
283 285 281 280
294 290 288 289
293 288 289 290
293 289 291 290
289 291 290 294
288 294 290 291
294 291 295 293
291 295 294 292
288 292 294 295
292 295 293 291
295 293 292 288
294 288 292 293
291 293 289 288
302 298 296 297
301 296 297 298
301 297 299 298
297 299 298 302
296 302 298 299
302 299 303 301
299 303 302 300
296 300 302 303
300 303 301 299
303 301 300 296
302 296 300 301
299 301 297 296
310 306 304 305
309 304 305 306
309 305 307 306
305 307 306 310
304 310 306 307
310 307 311 309
307 311 310 308
304 308 310 311
308 311 309 307
311 309 308 304
310 304 308 309
307 309 305 304
318 314 312 313
317 312 313 314
317 313 315 314
313 315 314 318
312 318 314 315
318 315 319 317
315 319 318 316
312 316 318 319
316 319 317 315
319 317 316 312
318 312 316 317
315 317 313 312
326 322 320 321
325 320 321 322
325 321 323 322
321 323 322 326
320 326 322 323
326 323 327 325
323 327 326 324
320 324 326 327
324 327 325 323
327 325 324 320
326 320 324 325
323 325 321 320
334 330 328 329
333 328 329 330
333 329 331 330
329 331 330 334
328 334 330 331
334 331 335 333
331 335 334 332
328 332 334 335
332 335 333 331
335 333 332 328
334 328 332 333
331 333 329 328
342 338 336 337
341 336 337 338
341 337 339 338
337 339 338 342
336 342 338 339
342 339 343 341
339 343 342 340
336 340 342 343
340 343 341 339
343 341 340 336
342 336 340 341
339 341 337 336
350 346 344 345
349 344 345 346
349 345 347 346
345 347 346 350
344 350 346 347
350 347 351 349
347 351 350 348
344 348 350 351
348 351 349 347
351 349 348 344
350 344 348 349
347 349 345 344
358 354 352 353
357 352 353 354
357 353 355 354
353 355 354 358
352 358 354 355
358 355 359 357
355 359 358 356
352 356 358 359
356 359 357 355
359 357 356 352
358 352 356 357
355 357 353 352
366 362 360 361
365 360 361 362
365 361 363 362
361 363 362 366
360 366 362 363
366 363 367 365
363 367 366 364
360 364 366 367
364 367 365 363
367 365 364 360
366 360 364 365
363 365 361 360
374 370 368 369
373 368 369 370
373 369 371 370
369 371 370 374
368 374 370 371
374 371 375 373
371 375 374 372
368 372 374 375
372 375 373 371
375 373 372 368
374 368 372 373
371 373 369 368
382 378 376 377
381 376 377 378
381 377 379 378
377 379 378 382
376 382 378 379
382 379 383 381
379 383 382 380
376 380 382 383
380 383 381 379
383 381 380 376
382 376 380 381
379 381 377 376
2 3 1 0
6 5 7 4
5 1 4 0
6 2 5 1
7 3 6 2
3 7 0 4
10 11 9 8
14 13 15 12
13 9 12 8
14 10 13 9
15 11 14 10
11 15 8 12
19 18 17 16
23 22 19 18
21 20 23 22
17 16 21 20
20 16 22 18
17 21 19 23
27 26 25 24
31 30 27 26
29 28 31 30
25 24 29 28
28 24 30 26
25 29 27 31
35 34 33 32
39 38 35 34
37 36 39 38
33 32 37 36
36 32 38 34
33 37 35 39
41 42 40 43
46 45 47 44
45 41 44 40
46 42 45 41
46 47 42 43
43 47 40 44
49 50 48 51
54 53 55 52
53 49 52 48
54 50 53 49
55 51 54 50
51 55 48 52
59 58 57 56
63 62 59 58
61 60 63 62
57 56 61 60
60 56 62 58
57 61 59 63
67 66 65 64
71 70 67 66
69 68 71 70
65 64 69 68
68 64 70 66
65 69 67 71
75 74 73 72
79 78 75 74
77 76 79 78
73 72 77 76
76 72 78 74
73 77 75 79
83 82 81 80
87 86 83 82
85 84 87 86
81 80 85 84
84 80 86 82
81 85 83 87
91 90 89 88
95 94 91 90
93 92 95 94
89 88 93 92
92 88 94 90
89 93 91 95
99 98 97 96
103 102 99 98
101 100 103 102
97 96 101 100
100 96 102 98
97 101 99 103
107 106 105 104
111 110 107 106
109 108 111 110
105 104 109 108
108 104 110 106
105 109 107 111
114 115 113 112
119 118 116 117
117 113 116 112
118 114 117 113
119 115 118 114
115 119 112 116
122 123 121 120
127 126 124 125
125 121 124 120
126 122 125 121
127 123 126 122
123 127 120 124
130 131 129 128
135 134 132 133
133 129 132 128
134 130 133 129
135 131 134 130
131 135 128 132
139 138 137 136
143 142 139 138
141 140 143 142
137 136 141 140
140 136 142 138
137 141 139 143
147 146 145 144
151 150 147 146
149 148 151 150
145 144 149 148
148 144 150 146
145 149 147 151
155 154 153 152
159 158 155 154
157 156 159 158
153 152 157 156
156 152 158 154
153 157 155 159
162 163 161 160
166 165 167 164
165 161 164 160
166 162 165 161
167 163 166 162
163 167 160 164
170 171 169 168
174 173 175 172
173 169 172 168
174 170 173 169
175 171 174 170
171 175 168 172
179 178 177 176
183 182 179 178
181 180 183 182
177 176 181 180
180 176 182 178
177 181 179 183
187 186 185 184
191 190 187 186
189 188 191 190
185 184 189 188
188 184 190 186
185 189 187 191
195 194 193 192
199 198 195 194
197 196 199 198
193 192 197 196
196 192 198 194
193 197 195 199
203 202 201 200
207 206 203 202
205 204 207 206
201 200 205 204
204 200 206 202
201 205 203 207
210 211 209 208
215 214 212 213
213 209 212 208
214 210 213 209
215 211 214 210
211 215 208 212
218 219 217 216
222 221 223 220
221 217 220 216
222 218 221 217
223 219 222 218
219 223 216 220
226 227 225 224
230 229 231 228
229 225 228 224
230 226 229 225
231 227 230 226
227 231 224 228
234 235 233 232
238 237 239 236
237 233 236 232
238 234 237 233
239 235 238 234
235 239 232 236
243 242 241 240
247 246 243 242
245 244 247 246
241 240 245 244
244 240 246 242
241 245 243 247
251 250 249 248
255 254 251 250
253 252 255 254
249 248 253 252
252 248 254 250
249 253 251 255
259 258 257 256
263 262 259 258
261 260 263 262
257 256 261 260
260 256 262 258
257 261 259 263
267 266 265 264
271 270 267 266
269 268 271 270
265 264 269 268
268 264 270 266
265 269 267 271
275 274 273 272
279 278 275 274
277 276 279 278
273 272 277 276
276 272 278 274
273 277 275 279
283 282 281 280
287 286 283 282
285 284 287 286
281 280 285 284
284 280 286 282
281 285 283 287
291 290 289 288
295 294 291 290
293 292 295 294
289 288 293 292
292 288 294 290
289 293 291 295
299 298 297 296
303 302 299 298
301 300 303 302
297 296 301 300
300 296 302 298
297 301 299 303
307 306 305 304
311 310 307 306
309 308 311 310
305 304 309 308
308 304 310 306
305 309 307 311
315 314 313 312
319 318 315 314
317 316 319 318
313 312 317 316
316 312 318 314
313 317 315 319
323 322 321 320
327 326 323 322
325 324 327 326
321 320 325 324
324 320 326 322
321 325 323 327
331 330 329 328
335 334 331 330
333 332 335 334
329 328 333 332
332 328 334 330
329 333 331 335
339 338 337 336
343 342 339 338
341 340 343 342
337 336 341 340
340 336 342 338
337 341 339 343
347 346 345 344
351 350 347 346
349 348 351 350
345 344 349 348
348 344 350 346
345 349 347 351
355 354 353 352
359 358 355 354
357 356 359 358
353 352 357 356
356 352 358 354
353 357 355 359
363 362 361 360
367 366 363 362
365 364 367 366
361 360 365 364
364 360 366 362
361 365 363 367
371 370 369 368
375 374 371 370
373 372 375 374
369 368 373 372
372 368 374 370
369 373 371 375
379 378 377 376
383 382 379 378
381 380 383 382
377 376 381 380
380 376 382 378
377 381 379 383
0
