432
0.05340185388922691 7.820892810821533 -0.009804485365748405
0.11444923281669617 7.654016017913818 -3.7872842995057e-07
0.045653488487005234 7.6448445320129395 0.023828240111470222
0.10661070048809052 7.815433502197266 -0.01824578456580639
0.14577782154083252 7.671148300170898 -0.02007041499018669
0.14217770099639893 7.80128812789917 -0.028318366035819054
0.10661070048809052 7.815433502197266 -0.01824578456580639
0.15675684809684753 7.875014305114746 -0.05866197124123573
0.11212119460105896 7.909282684326172 -0.042271941900253296
0.05340185388922691 7.820892810821533 -0.009804485365748405
0.0 7.900659561157227 -0.03526512160897255
0.05375230684876442 7.902316093444824 -0.03874521702528
0.15675684809684753 7.875014305114746 -0.05866197124123573
0.1741701364517212 7.935924530029297 -0.05351058393716812
0.11212119460105896 7.909282684326172 -0.042271941900253296
0.18867267668247223 7.8934125900268555 -0.06520335376262665
0.2405550628900528 7.929820537567139 -0.07738436758518219
0.1741701364517212 7.935924530029297 -0.05351058393716812
0.23590810596942902 7.896190643310547 -0.0826878696680069
0.29672694206237793 7.894293308258057 -0.10346344113349915
0.2405550628900528 7.929820537567139 -0.07738436758518219
0.27676036953926086 7.863835334777832 -0.12977300584316254
0.3497072160243988 7.843539714813232 -0.15492740273475647
0.29672694206237793 7.894293308258057 -0.10346344113349915
0.11444923281669617 7.654016017913818 -3.7872842995057e-07
0.18808037042617798 7.6035284996032715 -0.020070422440767288
0.14577782154083252 7.671148300170898 -0.02007041499018669
0.325910747051239 7.824501037597656 -0.16339844465255737
0.37396323680877686 7.754086494445801 -0.17736424505710602
0.3497072160243988 7.843539714813232 -0.15492740273475647
0.37396323680877686 7.754086494445801 -0.17736424505710602
0.3412303328514099 7.667096138000488 -0.17485058307647705
0.3746015429496765 7.660123825073242 -0.15289634466171265
0.3746015429496765 7.660123825073242 -0.15289634466171265
0.3150593638420105 7.6139235496521 -0.10433056950569153
0.34204739332199097 7.585531711578369 -0.09917628020048141
0.34204739332199097 7.585531711578369 -0.09917628020048141
0.28250521421432495 7.590944290161133 -0.05055879428982735
0.2973652184009552 7.547871112823486 -0.036240026354789734
0.10661070048809052 7.815433502197266 -0.01824578456580639
0.05375230684876442 7.902316093444824 -0.03874521702528
0.11212119460105896 7.909282684326172 -0.042271941900253296
0.0 7.654259204864502 0.03068554401397705
0.05340185388922691 7.820892810821533 -0.009804485365748405
0.045653488487005234 7.6448445320129395 0.023828240111470222
0.1672559529542923 7.565248012542725 0.01501715462654829
0.21999619901180267 7.585655689239502 -0.020070424303412437
0.18808037042617798 7.6035284996032715 -0.020070422440767288
0.21999619901180267 7.585655689239502 -0.020070424303412437
0.2973652184009552 7.547871112823486 -0.036240026354789734
0.28250521421432495 7.590944290161133 -0.05055879428982735
0.11444923281669617 7.654016017913818 -3.7872842995057e-07
0.12385042011737823 7.542268753051758 0.030034692957997322
0.1672559529542923 7.565248012542725 0.01501715462654829
0.11212119460105896 7.909282684326172 -0.042271941900253296
0.05497625097632408 7.992936611175537 -0.09147538244724274
0.11062181740999222 7.9897847175598145 -0.09445438534021378
0.1741701364517212 7.935924530029297 -0.05351058393716812
0.11062181740999222 7.9897847175598145 -0.09445438534021378
0.11212119460105896 7.909282684326172 -0.042271941900253296
0.05375230684876442 7.902316093444824 -0.03874521702528
0.0 7.9930925369262695 -0.08871957659721375
0.05497625097632408 7.992936611175537 -0.09147538244724274
0.3497072160243988 7.843539714813232 -0.15492740273475647
0.3310587406158447 7.920875549316406 -0.14123979210853577
0.29672694206237793 7.894293308258057 -0.10346344113349915
0.3746015429496765 7.660123825073242 -0.15289634466171265
0.4023328423500061 7.751507759094238 -0.18259871006011963
0.37396323680877686 7.754086494445801 -0.17736424505710602
0.2405550628900528 7.929820537567139 -0.07738436758518219
0.16939188539981842 7.980935096740723 -0.0961180180311203
0.1741701364517212 7.935924530029297 -0.05351058393716812
0.29672694206237793 7.894293308258057 -0.10346344113349915
0.25380152463912964 7.967504024505615 -0.10221385210752487
0.2405550628900528 7.929820537567139 -0.07738436758518219
0.37396323680877686 7.754086494445801 -0.17736424505710602
0.38029322028160095 7.851870536804199 -0.1753922402858734
0.3497072160243988 7.843539714813232 -0.15492740273475647
0.21257643401622772 7.54099178314209 0.010726424865424633
0.12385042011737823 7.542268753051758 0.030034692957997322
0.1791100800037384 7.43798828125 0.040761563926935196
0.21257643401622772 7.54099178314209 0.010726424865424633
0.31553950905799866 7.477390289306641 -0.04371458664536476
0.2973652184009552 7.547871112823486 -0.036240026354789734
0.34204739332199097 7.585531711578369 -0.09917628020048141
0.4074039161205292 7.64426326751709 -0.1638202667236328
0.3746015429496765 7.660123825073242 -0.15289634466171265
0.2973652184009552 7.547871112823486 -0.036240026354789734
0.3713035583496094 7.540318012237549 -0.10974698513746262
0.34204739332199097 7.585531711578369 -0.09917628020048141
0.1791100800037384 7.43798828125 0.040761563926935196
0.11085360497236252 7.525772571563721 0.061809998005628586
0.1601313352584839 7.430824279785156 0.06720581650733948
0.12385042011737823 7.542268753051758 0.030034692957997322
0.045306675136089325 7.628348350524902 0.05806045979261398
0.11085360497236252 7.525772571563721 0.061809998005628586
0.045653488487005234 7.6448445320129395 0.023828240111470222
0.0 7.640864849090576 0.056560639292001724
0.0 7.654259204864502 0.03068554401397705
0.045306675136089325 7.628348350524902 0.05806045979261398
0.0 7.6210246086120605 0.2396472990512848
0.0 7.640864849090576 0.056560639292001724
0.11085360497236252 7.525772571563721 0.061809998005628586
0.036382757127285004 7.606354236602783 0.2396472990512848
0.10093921422958374 7.505932331085205 0.22914856672286987
0.11085360497236252 7.525772571563721 0.061809998005628586
0.1380300223827362 7.421106338500977 0.21340042352676392
0.1601313352584839 7.430824279785156 0.06720581650733948
0.036382757127285004 7.606354236602783 0.2396472990512848
0.0 7.553195476531982 0.4334450364112854
0.0 7.6210246086120605 0.2396472990512848
0.10093921422958374 7.505932331085205 0.22914856672286987
0.02768011763691902 7.543246746063232 0.4334450364112854
0.08412519097328186 7.4644999504089355 0.409593403339386
0.10093921422958374 7.505932331085205 0.22914856672286987
0.12205351144075394 7.398331642150879 0.37870222330093384
0.1380300223827362 7.421106338500977 0.21340042352676392
0.3310587406158447 7.920875549316406 -0.14123979210853577
0.28480255603790283 7.991798400878906 -0.1657007932662964
0.25380152463912964 7.967504024505615 -0.10221385210752487
0.11062181740999222 7.9897847175598145 -0.09445438534021378
0.06260786950588226 8.059266090393066 -0.21303348243236542
0.12615853548049927 8.053956985473633 -0.20726749300956726
0.3713035583496094 7.540318012237549 -0.10974698513746262
0.42846617102622986 7.618561744689941 -0.22845827043056488
0.4074039161205292 7.64426326751709 -0.1638202667236328
0.38029322028160095 7.851870536804199 -0.1753922402858734
0.3586648404598236 7.940342426300049 -0.18839401006698608
0.3310587406158447 7.920875549316406 -0.14123979210853577
0.4023328423500061 7.751507759094238 -0.18259871006011963
0.4014870524406433 7.854831218719482 -0.22110088169574738
0.38029322028160095 7.851870536804199 -0.1753922402858734
0.05497625097632408 7.992936611175537 -0.09147538244724274
0.0 8.061687469482422 -0.2143414467573166
0.06260786950588226 8.059266090393066 -0.21303348243236542
0.31553950905799866 7.477390289306641 -0.04371458664536476
0.3871605396270752 7.482230186462402 -0.16230466961860657
0.3713035583496094 7.540318012237549 -0.10974698513746262
0.4074039161205292 7.64426326751709 -0.1638202667236328
0.4245336353778839 7.744101524353027 -0.2596241235733032
0.4023328423500061 7.751507759094238 -0.18259871006011963
0.25380152463912964 7.967504024505615 -0.10221385210752487
0.20916981995105743 8.02562427520752 -0.1887062042951584
0.16939188539981842 7.980935096740723 -0.0961180180311203
0.16939188539981842 7.980935096740723 -0.0961180180311203
0.12615853548049927 8.053956985473633 -0.20726749300956726
0.11062181740999222 7.9897847175598145 -0.09445438534021378
0.31553950905799866 7.477390289306641 -0.04371458664536476
0.20529775321483612 7.375777244567871 -3.380343969183741e-07
0.32406648993492126 7.394661903381348 -0.05629526078701019
0.20529775321483612 7.375777244567871 -3.380343969183741e-07
0.25228118896484375 7.308948993682861 -0.04518238455057144
0.32406648993492126 7.394661903381348 -0.05629526078701019
0.19529037177562714 7.329379558563232 -3.422402414798853e-07
0.18279944360256195 7.244650840759277 -0.02847352996468544
0.25228118896484375 7.308948993682861 -0.04518238455057144
0.18279944360256195 7.244650840759277 -0.02847352996468544
0.10294955223798752 7.225032329559326 0.0038826533127576113
0.11253414303064346 7.2041449546813965 -0.01719650626182556
0.10294955223798752 7.225032329559326 0.0038826533127576113
0.04919007793068886 7.180683135986328 -0.014084436930716038
0.11253414303064346 7.2041449546813965 -0.01719650626182556
0.04650820046663284 7.20385217666626 0.013873190619051456
0.0 7.175846576690674 -0.010756148025393486
0.04919007793068886 7.180683135986328 -0.014084436930716038
0.20529775321483612 7.375777244567871 -3.380343969183741e-07
0.18013109266757965 7.383967399597168 0.030346505343914032
0.17145991325378418 7.359206199645996 0.0017355033196508884
0.10294955223798752 7.225032329559326 0.0038826533127576113
0.04297391325235367 7.230444431304932 0.023134661838412285
0.04650820046663284 7.20385217666626 0.013873190619051456
0.15722480416297913 7.280148029327393 -3.467029046078096e-07
0.16443568468093872 7.326639652252197 0.009723391383886337
0.14418433606624603 7.2925004959106445 0.010522179305553436
0.04650820046663284 7.20385217666626 0.013873190619051456
0.0 7.2223992347717285 0.024521449580788612
0.0 7.200293064117432 0.013873189687728882
0.19529037177562714 7.329379558563232 -3.422402414798853e-07
0.17145991325378418 7.359206199645996 0.0017355033196508884
0.16443568468093872 7.326639652252197 0.009723391383886337
0.15722480416297913 7.280148029327393 -3.467029046078096e-07
0.09962116181850433 7.2526535987854 0.01662403717637062
0.10294955223798752 7.225032329559326 0.0038826533127576113
0.1380300223827362 7.421106338500977 0.21340042352676392
0.13068744540214539 7.337265491485596 0.35080164670944214
0.1403125673532486 7.34769344329834 0.1970852166414261
0.08412519097328186 7.4644999504089355 0.409593403339386
0.101389579474926 7.367685794830322 0.5325918197631836
0.12205351144075394 7.398331642150879 0.37870222330093384
0.02768011763691902 7.543246746063232 0.4334450364112854
0.07001154869794846 7.424889087677002 0.5632437467575073
0.08412519097328186 7.4644999504089355 0.409593403339386
0.12205351144075394 7.398331642150879 0.37870222330093384
0.1197303906083107 7.322945594787598 0.5047649145126343
0.13068744540214539 7.337265491485596 0.35080164670944214
0.02768011763691902 7.543246746063232 0.4334450364112854
0.0 7.476350784301758 0.5837458372116089
0.0 7.553195476531982 0.4334450364112854
0.101389579474926 7.367685794830322 0.5325918197631836
0.09851238876581192 7.296636581420898 0.638037919998169
0.1197303906083107 7.322945594787598 0.5047649145126343
0.02309374511241913 7.467872142791748 0.5802950859069824
0.050777412950992584 7.370625019073486 0.6871317028999329
0.07001154869794846 7.424889087677002 0.5632437467575073
0.02309374511241913 7.467872142791748 0.5802950859069824
0.0 7.396347999572754 0.6982624530792236
0.0 7.476350784301758 0.5837458372116089
0.07001154869794846 7.424889087677002 0.5632437467575073
0.07486091554164886 7.331637859344482 0.663529098033905
0.101389579474926 7.367685794830322 0.5325918197631836
0.07486091554164886 7.331637859344482 0.663529098033905
0.07464256882667542 7.2696099281311035 0.743037223815918
0.09851238876581192 7.296636581420898 0.638037919998169
0.015571478754281998 7.393833160400391 0.6964138150215149
0.03613787144422531 7.311262607574463 0.7846249938011169
0.050777412950992584 7.370625019073486 0.6871317028999329
0.0 7.396347999572754 0.6982624530792236
0.010512830689549446 7.322506904602051 0.7934477925300598
0.0 7.323421478271484 0.7970454096794128
0.050777412950992584 7.370625019073486 0.6871317028999329
0.056847620755434036 7.294198989868164 0.7708383202552795
0.07486091554164886 7.331637859344482 0.663529098033905
0.056847620755434036 7.294198989868164 0.7708383202552795
0.04279761388897896 7.240779399871826 0.8429086208343506
0.07464256882667542 7.2696099281311035 0.743037223815918
0.010512830689549446 7.322506904602051 0.7934477925300598
0.019669489935040474 7.257889270782471 0.8625204563140869
0.03613787144422531 7.311262607574463 0.7846249938011169
0.0 7.323421478271484 0.7970454096794128
0.010512830689549446 7.322506904602051 0.7934477925300598
0.0 7.263161659240723 0.8669463992118835
0.03613787144422531 7.311262607574463 0.7846249938011169
0.033773988485336304 7.249667167663574 0.8532917499542236
0.056847620755434036 7.294198989868164 0.7708383202552795
0.033773988485336304 7.249667167663574 0.8532917499542236
0.019669489935040474 7.257889270782471 0.8625204563140869
0.0 7.21159553527832 0.9201673865318298
0.04279761388897896 7.240779399871826 0.8429086208343506
0.033773988485336304 7.249667167663574 0.8532917499542236
0.0 7.21159553527832 0.9201673865318298
0.019669489935040474 7.257889270782471 0.8625204563140869
0.0 7.263161659240723 0.8669463992118835
0.0 7.21159553527832 0.9201673865318298
0.1380300223827362 7.421106338500977 0.21340042352676392
0.156236931681633 7.362850189208984 0.07630269229412079
0.1601313352584839 7.430824279785156 0.06720581650733948
0.1601313352584839 7.430824279785156 0.06720581650733948
0.18013109266757965 7.383967399597168 0.030346505343914032
0.1791100800037384 7.43798828125 0.040761563926935196
0.04297391325235367 7.230444431304932 0.023134661838412285
0.09318920224905014 7.252204895019531 0.06961385905742645
0.04547522962093353 7.219938278198242 0.07390192896127701
0.14418433606624603 7.2925004959106445 0.010522179305553436
0.14799100160598755 7.323892116546631 0.06561992317438126
0.13309961557388306 7.290282249450684 0.06561992317438126
0.0 7.2223992347717285 0.024521449580788612
0.04547522962093353 7.219938278198242 0.07390192896127701
0.0 7.2128448486328125 0.07806229591369629
0.09962116181850433 7.2526535987854 0.01662403717637062
0.13309961557388306 7.290282249450684 0.06561992317438126
0.09318920224905014 7.252204895019531 0.06961385905742645
0.09318920224905014 7.252204895019531 0.06961385905742645
0.11482864618301392 7.285898208618164 0.1776055246591568
0.07517044246196747 7.2500081062316895 0.18015559017658234
0.0 7.2128448486328125 0.07806229591369629
0.026500796899199486 7.217787265777588 0.18289346992969513
0.0 7.2112603187561035 0.18289346992969513
0.13309961557388306 7.290282249450684 0.06561992317438126
0.12609533965587616 7.319150924682617 0.1776055246591568
0.11482864618301392 7.285898208618164 0.1776055246591568
0.04547522962093353 7.219938278198242 0.07390192896127701
0.07517044246196747 7.2500081062316895 0.18015559017658234
0.026500796899199486 7.217787265777588 0.18289346992969513
0.07517044246196747 7.2500081062316895 0.18015559017658234
0.0921083614230156 7.281394004821777 0.33283549547195435
0.06240971386432648 7.249316692352295 0.33461105823516846
0.0 7.2112603187561035 0.18289346992969513
0.02323618158698082 7.220625877380371 0.3365173935890198
0.0 7.215387344360352 0.3365173935890198
0.026500796899199486 7.217787265777588 0.18289346992969513
0.06240971386432648 7.249316692352295 0.33461105823516846
0.02323618158698082 7.220625877380371 0.3365173935890198
0.11482864618301392 7.285898208618164 0.1776055246591568
0.103063203394413 7.312760829925537 0.33283549547195435
0.0921083614230156 7.281394004821777 0.33283549547195435
0.0 7.175846576690674 -0.010756148025393486
0.04891565442085266 7.154648780822754 -0.1050490289926529
0.04919007793068886 7.180683135986328 -0.014084436930716038
0.18279944360256195 7.244650840759277 -0.02847352996468544
0.1254488229751587 7.174792289733887 -0.1134101003408432
0.2103443294763565 7.210431098937988 -0.1278986781835556
0.32406648993492126 7.394661903381348 -0.05629526078701019
0.2942931354045868 7.285816192626953 -0.14425455033779144
0.3871605396270752 7.482230186462402 -0.16230466961860657
0.11253414303064346 7.2041449546813965 -0.01719650626182556
0.04891565442085266 7.154648780822754 -0.1050490289926529
0.1254488229751587 7.174792289733887 -0.1134101003408432
0.25228118896484375 7.308948993682861 -0.04518238455057144
0.2103443294763565 7.210431098937988 -0.1278986781835556
0.2942931354045868 7.285816192626953 -0.14425455033779144
0.0921083614230156 7.281394004821777 0.33283549547195435
0.08014144748449326 7.30543851852417 0.49525606632232666
0.07140598446130753 7.278925895690918 0.49525606632232666
0.06240971386432648 7.249316692352295 0.33461105823516846
0.07140598446130753 7.278925895690918 0.49525606632232666
0.0502537377178669 7.253543853759766 0.49703162908554077
0.02323618158698082 7.220625877380371 0.3365173935890198
0.0 7.226703643798828 0.4989379644393921
0.0 7.215387344360352 0.3365173935890198
0.02323618158698082 7.220625877380371 0.3365173935890198
0.0502537377178669 7.253543853759766 0.49703162908554077
0.018951719626784325 7.231298446655273 0.4989379644393921
0.0502537377178669 7.253543853759766 0.49703162908554077
0.04798136651515961 7.271782875061035 0.6245046854019165
0.037753403186798096 7.26207160949707 0.6262802481651306
0.018951719626784325 7.231298446655273 0.4989379644393921
0.0 7.240264415740967 0.6281865835189819
0.0 7.226703643798828 0.4989379644393921
0.018951719626784325 7.231298446655273 0.4989379644393921
0.037753403186798096 7.26207160949707 0.6262802481651306
0.017680484801530838 7.243960857391357 0.6281865835189819
0.07140598446130753 7.278925895690918 0.49525606632232666
0.05302751809358597 7.284733295440674 0.6245046854019165
0.04798136651515961 7.271782875061035 0.6245046854019165
0.037753403186798096 7.26207160949707 0.6262802481651306
0.04798136651515961 7.271782875061035 0.6245046854019165
0.0 7.25470495223999 0.7443574070930481
0.04798136651515961 7.271782875061035 0.6245046854019165
0.05302751809358597 7.284733295440674 0.6245046854019165
0.0 7.25470495223999 0.7443574070930481
0.017680484801530838 7.243960857391357 0.6281865835189819
0.037753403186798096 7.26207160949707 0.6262802481651306
0.0 7.25470495223999 0.7443574070930481
0.0 7.240264415740967 0.6281865835189819
0.017680484801530838 7.243960857391357 0.6281865835189819
0.0 7.25470495223999 0.7443574070930481
-0.11444923281669617 7.654016017913818 -3.7872842995057e-07
-0.05340185388922691 7.820892810821533 -0.009804485365748405
-0.045653488487005234 7.6448445320129395 0.023828240111470222
-0.10661070048809052 7.815433502197266 -0.01824578456580639
-0.14577782154083252 7.671148300170898 -0.02007041499018669
-0.11444923281669617 7.654016017913818 -3.7872842995057e-07
-0.10661070048809052 7.815433502197266 -0.01824578456580639
-0.15675684809684753 7.875014305114746 -0.05866197124123573
-0.14217770099639893 7.80128812789917 -0.028318366035819054
-0.05340185388922691 7.820892810821533 -0.009804485365748405
0.0 7.900659561157227 -0.03526512160897255
0.0 7.823374271392822 -0.0024554242845624685
-0.1741701364517212 7.935924530029297 -0.05351058393716812
-0.15675684809684753 7.875014305114746 -0.05866197124123573
-0.11212119460105896 7.909282684326172 -0.042271941900253296
-0.2405550628900528 7.929820537567139 -0.07738436758518219
-0.18867267668247223 7.8934125900268555 -0.06520335376262665
-0.1741701364517212 7.935924530029297 -0.05351058393716812
-0.29672694206237793 7.894293308258057 -0.10346344113349915
-0.23590810596942902 7.896190643310547 -0.0826878696680069
-0.2405550628900528 7.929820537567139 -0.07738436758518219
-0.3497072160243988 7.843539714813232 -0.15492740273475647
-0.27676036953926086 7.863835334777832 -0.12977300584316254
-0.29672694206237793 7.894293308258057 -0.10346344113349915
-0.18808037042617798 7.6035284996032715 -0.020070422440767288
-0.11444923281669617 7.654016017913818 -3.7872842995057e-07
-0.14577782154083252 7.671148300170898 -0.02007041499018669
-0.37396323680877686 7.754086494445801 -0.17736424505710602
-0.325910747051239 7.824501037597656 -0.16339844465255737
-0.3497072160243988 7.843539714813232 -0.15492740273475647
-0.37396323680877686 7.754086494445801 -0.17736424505710602
-0.3412303328514099 7.667096138000488 -0.17485058307647705
-0.344421923160553 7.750908374786377 -0.1901496797800064
-0.3746015429496765 7.660123825073242 -0.15289634466171265
-0.3150593638420105 7.6139235496521 -0.10433056950569153
-0.3412303328514099 7.667096138000488 -0.17485058307647705
-0.34204739332199097 7.585531711578369 -0.09917628020048141
-0.28250521421432495 7.590944290161133 -0.05055879428982735
-0.3150593638420105 7.6139235496521 -0.10433056950569153
-0.10661070048809052 7.815433502197266 -0.01824578456580639
-0.05375230684876442 7.902316093444824 -0.03874521702528
-0.05340185388922691 7.820892810821533 -0.009804485365748405
0.0 7.654259204864502 0.03068554401397705
-0.05340185388922691 7.820892810821533 -0.009804485365748405
0.0 7.823374271392822 -0.0024554242845624685
-0.21999619901180267 7.585655689239502 -0.020070424303412437
-0.1672559529542923 7.565248012542725 0.01501715462654829
-0.18808037042617798 7.6035284996032715 -0.020070422440767288
-0.21999619901180267 7.585655689239502 -0.020070424303412437
-0.2973652184009552 7.547871112823486 -0.036240026354789734
-0.21257643401622772 7.54099178314209 0.010726424865424633
-0.12385042011737823 7.542268753051758 0.030034692957997322
-0.11444923281669617 7.654016017913818 -3.7872842995057e-07
-0.1672559529542923 7.565248012542725 0.01501715462654829
-0.11212119460105896 7.909282684326172 -0.042271941900253296
-0.05497625097632408 7.992936611175537 -0.09147538244724274
-0.05375230684876442 7.902316093444824 -0.03874521702528
-0.11062181740999222 7.9897847175598145 -0.09445438534021378
-0.1741701364517212 7.935924530029297 -0.05351058393716812
-0.11212119460105896 7.909282684326172 -0.042271941900253296
-0.05375230684876442 7.902316093444824 -0.03874521702528
0.0 7.9930925369262695 -0.08871957659721375
0.0 7.900659561157227 -0.03526512160897255
-0.3310587406158447 7.920875549316406 -0.14123979210853577
-0.3497072160243988 7.843539714813232 -0.15492740273475647
-0.29672694206237793 7.894293308258057 -0.10346344113349915
-0.4023328423500061 7.751507759094238 -0.18259871006011963
-0.3746015429496765 7.660123825073242 -0.15289634466171265
-0.37396323680877686 7.754086494445801 -0.17736424505710602
-0.16939188539981842 7.980935096740723 -0.0961180180311203
-0.2405550628900528 7.929820537567139 -0.07738436758518219
-0.1741701364517212 7.935924530029297 -0.05351058393716812
-0.25380152463912964 7.967504024505615 -0.10221385210752487
-0.29672694206237793 7.894293308258057 -0.10346344113349915
-0.2405550628900528 7.929820537567139 -0.07738436758518219
-0.38029322028160095 7.851870536804199 -0.1753922402858734
-0.37396323680877686 7.754086494445801 -0.17736424505710602
-0.3497072160243988 7.843539714813232 -0.15492740273475647
-0.21257643401622772 7.54099178314209 0.010726424865424633
-0.12385042011737823 7.542268753051758 0.030034692957997322
-0.1672559529542923 7.565248012542725 0.01501715462654829
-0.31553950905799866 7.477390289306641 -0.04371458664536476
-0.21257643401622772 7.54099178314209 0.010726424865424633
-0.2973652184009552 7.547871112823486 -0.036240026354789734
-0.4074039161205292 7.64426326751709 -0.1638202667236328
-0.34204739332199097 7.585531711578369 -0.09917628020048141
-0.3746015429496765 7.660123825073242 -0.15289634466171265
-0.3713035583496094 7.540318012237549 -0.10974698513746262
-0.2973652184009552 7.547871112823486 -0.036240026354789734
-0.34204739332199097 7.585531711578369 -0.09917628020048141
-0.1791100800037384 7.43798828125 0.040761563926935196
-0.11085360497236252 7.525772571563721 0.061809998005628586
-0.12385042011737823 7.542268753051758 0.030034692957997322
-0.12385042011737823 7.542268753051758 0.030034692957997322
-0.045306675136089325 7.628348350524902 0.05806045979261398
-0.045653488487005234 7.6448445320129395 0.023828240111470222
0.0 7.640864849090576 0.056560639292001724
-0.045653488487005234 7.6448445320129395 0.023828240111470222
0.0 7.654259204864502 0.03068554401397705
0.0 7.6210246086120605 0.2396472990512848
-0.045306675136089325 7.628348350524902 0.05806045979261398
0.0 7.640864849090576 0.056560639292001724
-0.11085360497236252 7.525772571563721 0.061809998005628586
-0.036382757127285004 7.606354236602783 0.2396472990512848
-0.045306675136089325 7.628348350524902 0.05806045979261398
-0.1380300223827362 7.421106338500977 0.21340042352676392
-0.11085360497236252 7.525772571563721 0.061809998005628586
-0.1601313352584839 7.430824279785156 0.06720581650733948
0.0 7.553195476531982 0.4334450364112854
-0.036382757127285004 7.606354236602783 0.2396472990512848
0.0 7.6210246086120605 0.2396472990512848
-0.10093921422958374 7.505932331085205 0.22914856672286987
-0.02768011763691902 7.543246746063232 0.4334450364112854
-0.036382757127285004 7.606354236602783 0.2396472990512848
-0.12205351144075394 7.398331642150879 0.37870222330093384
-0.10093921422958374 7.505932331085205 0.22914856672286987
-0.1380300223827362 7.421106338500977 0.21340042352676392
-0.28480255603790283 7.991798400878906 -0.1657007932662964
-0.3310587406158447 7.920875549316406 -0.14123979210853577
-0.25380152463912964 7.967504024505615 -0.10221385210752487
-0.11062181740999222 7.9897847175598145 -0.09445438534021378
-0.06260786950588226 8.059266090393066 -0.21303348243236542
-0.05497625097632408 7.992936611175537 -0.09147538244724274
-0.42846617102622986 7.618561744689941 -0.22845827043056488
-0.3713035583496094 7.540318012237549 -0.10974698513746262
-0.4074039161205292 7.64426326751709 -0.1638202667236328
-0.3586648404598236 7.940342426300049 -0.18839401006698608
-0.38029322028160095 7.851870536804199 -0.1753922402858734
-0.3310587406158447 7.920875549316406 -0.14123979210853577
-0.4014870524406433 7.854831218719482 -0.22110088169574738
-0.4023328423500061 7.751507759094238 -0.18259871006011963
-0.38029322028160095 7.851870536804199 -0.1753922402858734
-0.05497625097632408 7.992936611175537 -0.09147538244724274
0.0 8.061687469482422 -0.2143414467573166
0.0 7.9930925369262695 -0.08871957659721375
-0.3871605396270752 7.482230186462402 -0.16230466961860657
-0.31553950905799866 7.477390289306641 -0.04371458664536476
-0.3713035583496094 7.540318012237549 -0.10974698513746262
-0.4245336353778839 7.744101524353027 -0.2596241235733032
-0.4074039161205292 7.64426326751709 -0.1638202667236328
-0.4023328423500061 7.751507759094238 -0.18259871006011963
-0.20916981995105743 8.02562427520752 -0.1887062042951584
-0.25380152463912964 7.967504024505615 -0.10221385210752487
-0.16939188539981842 7.980935096740723 -0.0961180180311203
-0.12615853548049927 8.053956985473633 -0.20726749300956726
-0.16939188539981842 7.980935096740723 -0.0961180180311203
-0.11062181740999222 7.9897847175598145 -0.09445438534021378
-0.20529775321483612 7.375777244567871 -3.380343969183741e-07
-0.31553950905799866 7.477390289306641 -0.04371458664536476
-0.32406648993492126 7.394661903381348 -0.05629526078701019
-0.25228118896484375 7.308948993682861 -0.04518238455057144
-0.20529775321483612 7.375777244567871 -3.380343969183741e-07
-0.32406648993492126 7.394661903381348 -0.05629526078701019
-0.18279944360256195 7.244650840759277 -0.02847352996468544
-0.19529037177562714 7.329379558563232 -3.422402414798853e-07
-0.25228118896484375 7.308948993682861 -0.04518238455057144
-0.18279944360256195 7.244650840759277 -0.02847352996468544
-0.10294955223798752 7.225032329559326 0.0038826533127576113
-0.15722480416297913 7.280148029327393 -3.467029046078096e-07
-0.04919007793068886 7.180683135986328 -0.014084436930716038
-0.10294955223798752 7.225032329559326 0.0038826533127576113
-0.11253414303064346 7.2041449546813965 -0.01719650626182556
0.0 7.175846576690674 -0.010756148025393486
-0.04650820046663284 7.20385217666626 0.013873190619051456
-0.04919007793068886 7.180683135986328 -0.014084436930716038
-0.20529775321483612 7.375777244567871 -3.380343969183741e-07
-0.18013109266757965 7.383967399597168 0.030346505343914032
-0.1791100800037384 7.43798828125 0.040761563926935196
-0.04297391325235367 7.230444431304932 0.023134661838412285
-0.10294955223798752 7.225032329559326 0.0038826533127576113
-0.04650820046663284 7.20385217666626 0.013873190619051456
-0.15722480416297913 7.280148029327393 -3.467029046078096e-07
-0.16443568468093872 7.326639652252197 0.009723391383886337
-0.19529037177562714 7.329379558563232 -3.422402414798853e-07
0.0 7.2223992347717285 0.024521449580788612
-0.04650820046663284 7.20385217666626 0.013873190619051456
0.0 7.200293064117432 0.013873189687728882
-0.19529037177562714 7.329379558563232 -3.422402414798853e-07
-0.17145991325378418 7.359206199645996 0.0017355033196508884
-0.20529775321483612 7.375777244567871 -3.380343969183741e-07
-0.09962116181850433 7.2526535987854 0.01662403717637062
-0.15722480416297913 7.280148029327393 -3.467029046078096e-07
-0.10294955223798752 7.225032329559326 0.0038826533127576113
-0.1380300223827362 7.421106338500977 0.21340042352676392
-0.13068744540214539 7.337265491485596 0.35080164670944214
-0.12205351144075394 7.398331642150879 0.37870222330093384
-0.101389579474926 7.367685794830322 0.5325918197631836
-0.08412519097328186 7.4644999504089355 0.409593403339386
-0.12205351144075394 7.398331642150879 0.37870222330093384
-0.07001154869794846 7.424889087677002 0.5632437467575073
-0.02768011763691902 7.543246746063232 0.4334450364112854
-0.08412519097328186 7.4644999504089355 0.409593403339386
-0.1197303906083107 7.322945594787598 0.5047649145126343
-0.12205351144075394 7.398331642150879 0.37870222330093384
-0.13068744540214539 7.337265491485596 0.35080164670944214
0.0 7.476350784301758 0.5837458372116089
-0.02768011763691902 7.543246746063232 0.4334450364112854
0.0 7.553195476531982 0.4334450364112854
-0.09851238876581192 7.296636581420898 0.638037919998169
-0.101389579474926 7.367685794830322 0.5325918197631836
-0.1197303906083107 7.322945594787598 0.5047649145126343
-0.050777412950992584 7.370625019073486 0.6871317028999329
-0.02309374511241913 7.467872142791748 0.5802950859069824
-0.07001154869794846 7.424889087677002 0.5632437467575073
0.0 7.396347999572754 0.6982624530792236
-0.02309374511241913 7.467872142791748 0.5802950859069824
0.0 7.476350784301758 0.5837458372116089
-0.07486091554164886 7.331637859344482 0.663529098033905
-0.07001154869794846 7.424889087677002 0.5632437467575073
-0.101389579474926 7.367685794830322 0.5325918197631836
-0.07464256882667542 7.2696099281311035 0.743037223815918
-0.07486091554164886 7.331637859344482 0.663529098033905
-0.09851238876581192 7.296636581420898 0.638037919998169
-0.03613787144422531 7.311262607574463 0.7846249938011169
-0.015571478754281998 7.393833160400391 0.6964138150215149
-0.050777412950992584 7.370625019073486 0.6871317028999329
0.0 7.396347999572754 0.6982624530792236
-0.010512830689549446 7.322506904602051 0.7934477925300598
-0.015571478754281998 7.393833160400391 0.6964138150215149
-0.056847620755434036 7.294198989868164 0.7708383202552795
-0.050777412950992584 7.370625019073486 0.6871317028999329
-0.07486091554164886 7.331637859344482 0.663529098033905
-0.04279761388897896 7.240779399871826 0.8429086208343506
-0.056847620755434036 7.294198989868164 0.7708383202552795
-0.07464256882667542 7.2696099281311035 0.743037223815918
-0.019669489935040474 7.257889270782471 0.8625204563140869
-0.010512830689549446 7.322506904602051 0.7934477925300598
-0.03613787144422531 7.311262607574463 0.7846249938011169
0.0 7.323421478271484 0.7970454096794128
0.0 7.263161659240723 0.8669463992118835
-0.010512830689549446 7.322506904602051 0.7934477925300598
-0.033773988485336304 7.249667167663574 0.8532917499542236
-0.03613787144422531 7.311262607574463 0.7846249938011169
-0.056847620755434036 7.294198989868164 0.7708383202552795
-0.033773988485336304 7.249667167663574 0.8532917499542236
0.0 7.21159553527832 0.9201673865318298
-0.019669489935040474 7.257889270782471 0.8625204563140869
-0.04279761388897896 7.240779399871826 0.8429086208343506
0.0 7.21159553527832 0.9201673865318298
-0.033773988485336304 7.249667167663574 0.8532917499542236
-0.019669489935040474 7.257889270782471 0.8625204563140869
0.0 7.21159553527832 0.9201673865318298
0.0 7.263161659240723 0.8669463992118835
-0.1380300223827362 7.421106338500977 0.21340042352676392
-0.156236931681633 7.362850189208984 0.07630269229412079
-0.1403125673532486 7.34769344329834 0.1970852166414261
-0.1601313352584839 7.430824279785156 0.06720581650733948
-0.18013109266757965 7.383967399597168 0.030346505343914032
-0.156236931681633 7.362850189208984 0.07630269229412079
-0.04297391325235367 7.230444431304932 0.023134661838412285
-0.09318920224905014 7.252204895019531 0.06961385905742645
-0.09962116181850433 7.2526535987854 0.01662403717637062
-0.14418433606624603 7.2925004959106445 0.010522179305553436
-0.14799100160598755 7.323892116546631 0.06561992317438126
-0.16443568468093872 7.326639652252197 0.009723391383886337
0.0 7.2223992347717285 0.024521449580788612
-0.04547522962093353 7.219938278198242 0.07390192896127701
-0.04297391325235367 7.230444431304932 0.023134661838412285
-0.09962116181850433 7.2526535987854 0.01662403717637062
-0.13309961557388306 7.290282249450684 0.06561992317438126
-0.14418433606624603 7.2925004959106445 0.010522179305553436
-0.09318920224905014 7.252204895019531 0.06961385905742645
-0.11482864618301392 7.285898208618164 0.1776055246591568
-0.13309961557388306 7.290282249450684 0.06561992317438126
0.0 7.2128448486328125 0.07806229591369629
-0.026500796899199486 7.217787265777588 0.18289346992969513
-0.04547522962093353 7.219938278198242 0.07390192896127701
-0.13309961557388306 7.290282249450684 0.06561992317438126
-0.12609533965587616 7.319150924682617 0.1776055246591568
-0.14799100160598755 7.323892116546631 0.06561992317438126
-0.04547522962093353 7.219938278198242 0.07390192896127701
-0.07517044246196747 7.2500081062316895 0.18015559017658234
-0.09318920224905014 7.252204895019531 0.06961385905742645
-0.07517044246196747 7.2500081062316895 0.18015559017658234
-0.0921083614230156 7.281394004821777 0.33283549547195435
-0.11482864618301392 7.285898208618164 0.1776055246591568
0.0 7.2112603187561035 0.18289346992969513
-0.02323618158698082 7.220625877380371 0.3365173935890198
-0.026500796899199486 7.217787265777588 0.18289346992969513
-0.026500796899199486 7.217787265777588 0.18289346992969513
-0.06240971386432648 7.249316692352295 0.33461105823516846
-0.07517044246196747 7.2500081062316895 0.18015559017658234
-0.11482864618301392 7.285898208618164 0.1776055246591568
-0.103063203394413 7.312760829925537 0.33283549547195435
-0.12609533965587616 7.319150924682617 0.1776055246591568
-0.04891565442085266 7.154648780822754 -0.1050490289926529
0.0 7.175846576690674 -0.010756148025393486
-0.04919007793068886 7.180683135986328 -0.014084436930716038
-0.18279944360256195 7.244650840759277 -0.02847352996468544
-0.1254488229751587 7.174792289733887 -0.1134101003408432
-0.11253414303064346 7.2041449546813965 -0.01719650626182556
-0.32406648993492126 7.394661903381348 -0.05629526078701019
-0.2942931354045868 7.285816192626953 -0.14425455033779144
-0.25228118896484375 7.308948993682861 -0.04518238455057144
-0.11253414303064346 7.2041449546813965 -0.01719650626182556
-0.04891565442085266 7.154648780822754 -0.1050490289926529
-0.04919007793068886 7.180683135986328 -0.014084436930716038
-0.25228118896484375 7.308948993682861 -0.04518238455057144
-0.2103443294763565 7.210431098937988 -0.1278986781835556
-0.18279944360256195 7.244650840759277 -0.02847352996468544
-0.0921083614230156 7.281394004821777 0.33283549547195435
-0.08014144748449326 7.30543851852417 0.49525606632232666
-0.103063203394413 7.312760829925537 0.33283549547195435
-0.06240971386432648 7.249316692352295 0.33461105823516846
-0.07140598446130753 7.278925895690918 0.49525606632232666
-0.0921083614230156 7.281394004821777 0.33283549547195435
0.0 7.226703643798828 0.4989379644393921
-0.02323618158698082 7.220625877380371 0.3365173935890198
0.0 7.215387344360352 0.3365173935890198
-0.02323618158698082 7.220625877380371 0.3365173935890198
-0.0502537377178669 7.253543853759766 0.49703162908554077
-0.06240971386432648 7.249316692352295 0.33461105823516846
-0.0502537377178669 7.253543853759766 0.49703162908554077
-0.04798136651515961 7.271782875061035 0.6245046854019165
-0.07140598446130753 7.278925895690918 0.49525606632232666
0.0 7.240264415740967 0.6281865835189819
-0.018951719626784325 7.231298446655273 0.4989379644393921
0.0 7.226703643798828 0.4989379644393921
-0.018951719626784325 7.231298446655273 0.4989379644393921
-0.037753403186798096 7.26207160949707 0.6262802481651306
-0.0502537377178669 7.253543853759766 0.49703162908554077
-0.07140598446130753 7.278925895690918 0.49525606632232666
-0.05302751809358597 7.284733295440674 0.6245046854019165
-0.08014144748449326 7.30543851852417 0.49525606632232666
-0.037753403186798096 7.26207160949707 0.6262802481651306
0.0 7.25470495223999 0.7443574070930481
-0.04798136651515961 7.271782875061035 0.6245046854019165
-0.04798136651515961 7.271782875061035 0.6245046854019165
0.0 7.25470495223999 0.7443574070930481
-0.05302751809358597 7.284733295440674 0.6245046854019165
-0.017680484801530838 7.243960857391357 0.6281865835189819
0.0 7.25470495223999 0.7443574070930481
-0.037753403186798096 7.26207160949707 0.6262802481651306
0.0 7.240264415740967 0.6281865835189819
0.0 7.25470495223999 0.7443574070930481
-0.017680484801530838 7.243960857391357 0.6281865835189819
0.05340185388922691 7.820892810821533 -0.009804485365748405
0.10661070048809052 7.815433502197266 -0.01824578456580639
0.11444923281669617 7.654016017913818 -3.7872842995057e-07
0.10661070048809052 7.815433502197266 -0.01824578456580639
0.11444923281669617 7.654016017913818 -3.7872842995057e-07
0.14577782154083252 7.671148300170898 -0.02007041499018669
0.10661070048809052 7.815433502197266 -0.01824578456580639
0.14217770099639893 7.80128812789917 -0.028318366035819054
0.15675684809684753 7.875014305114746 -0.05866197124123573
0.05340185388922691 7.820892810821533 -0.009804485365748405
0.0 7.823374271392822 -0.0024554242845624685
0.0 7.900659561157227 -0.03526512160897255
0.15675684809684753 7.875014305114746 -0.05866197124123573
0.18867267668247223 7.8934125900268555 -0.06520335376262665
0.1741701364517212 7.935924530029297 -0.05351058393716812
0.18867267668247223 7.8934125900268555 -0.06520335376262665
0.23590810596942902 7.896190643310547 -0.0826878696680069
0.2405550628900528 7.929820537567139 -0.07738436758518219
0.23590810596942902 7.896190643310547 -0.0826878696680069
0.27676036953926086 7.863835334777832 -0.12977300584316254
0.29672694206237793 7.894293308258057 -0.10346344113349915
0.27676036953926086 7.863835334777832 -0.12977300584316254
0.325910747051239 7.824501037597656 -0.16339844465255737
0.3497072160243988 7.843539714813232 -0.15492740273475647
0.11444923281669617 7.654016017913818 -3.7872842995057e-07
0.1672559529542923 7.565248012542725 0.01501715462654829
0.18808037042617798 7.6035284996032715 -0.020070422440767288
0.325910747051239 7.824501037597656 -0.16339844465255737
0.344421923160553 7.750908374786377 -0.1901496797800064
0.37396323680877686 7.754086494445801 -0.17736424505710602
0.37396323680877686 7.754086494445801 -0.17736424505710602
0.344421923160553 7.750908374786377 -0.1901496797800064
0.3412303328514099 7.667096138000488 -0.17485058307647705
0.3746015429496765 7.660123825073242 -0.15289634466171265
0.3412303328514099 7.667096138000488 -0.17485058307647705
0.3150593638420105 7.6139235496521 -0.10433056950569153
0.34204739332199097 7.585531711578369 -0.09917628020048141
0.3150593638420105 7.6139235496521 -0.10433056950569153
0.28250521421432495 7.590944290161133 -0.05055879428982735
0.10661070048809052 7.815433502197266 -0.01824578456580639
0.05340185388922691 7.820892810821533 -0.009804485365748405
0.05375230684876442 7.902316093444824 -0.03874521702528
0.0 7.654259204864502 0.03068554401397705
0.0 7.823374271392822 -0.0024554242845624685
0.05340185388922691 7.820892810821533 -0.009804485365748405
0.1672559529542923 7.565248012542725 0.01501715462654829
0.21257643401622772 7.54099178314209 0.010726424865424633
0.21999619901180267 7.585655689239502 -0.020070424303412437
0.21999619901180267 7.585655689239502 -0.020070424303412437
0.21257643401622772 7.54099178314209 0.010726424865424633
0.2973652184009552 7.547871112823486 -0.036240026354789734
0.11444923281669617 7.654016017913818 -3.7872842995057e-07
0.045653488487005234 7.6448445320129395 0.023828240111470222
0.12385042011737823 7.542268753051758 0.030034692957997322
0.11212119460105896 7.909282684326172 -0.042271941900253296
0.05375230684876442 7.902316093444824 -0.03874521702528
0.05497625097632408 7.992936611175537 -0.09147538244724274
0.1741701364517212 7.935924530029297 -0.05351058393716812
0.16939188539981842 7.980935096740723 -0.0961180180311203
0.11062181740999222 7.9897847175598145 -0.09445438534021378
0.05375230684876442 7.902316093444824 -0.03874521702528
0.0 7.900659561157227 -0.03526512160897255
0.0 7.9930925369262695 -0.08871957659721375
0.3497072160243988 7.843539714813232 -0.15492740273475647
0.38029322028160095 7.851870536804199 -0.1753922402858734
0.3310587406158447 7.920875549316406 -0.14123979210853577
0.3746015429496765 7.660123825073242 -0.15289634466171265
0.4074039161205292 7.64426326751709 -0.1638202667236328
0.4023328423500061 7.751507759094238 -0.18259871006011963
0.2405550628900528 7.929820537567139 -0.07738436758518219
0.25380152463912964 7.967504024505615 -0.10221385210752487
0.16939188539981842 7.980935096740723 -0.0961180180311203
0.29672694206237793 7.894293308258057 -0.10346344113349915
0.3310587406158447 7.920875549316406 -0.14123979210853577
0.25380152463912964 7.967504024505615 -0.10221385210752487
0.37396323680877686 7.754086494445801 -0.17736424505710602
0.4023328423500061 7.751507759094238 -0.18259871006011963
0.38029322028160095 7.851870536804199 -0.1753922402858734
0.21257643401622772 7.54099178314209 0.010726424865424633
0.1672559529542923 7.565248012542725 0.01501715462654829
0.12385042011737823 7.542268753051758 0.030034692957997322
0.21257643401622772 7.54099178314209 0.010726424865424633
0.1791100800037384 7.43798828125 0.040761563926935196
0.31553950905799866 7.477390289306641 -0.04371458664536476
0.34204739332199097 7.585531711578369 -0.09917628020048141
0.3713035583496094 7.540318012237549 -0.10974698513746262
0.4074039161205292 7.64426326751709 -0.1638202667236328
0.2973652184009552 7.547871112823486 -0.036240026354789734
0.31553950905799866 7.477390289306641 -0.04371458664536476
0.3713035583496094 7.540318012237549 -0.10974698513746262
0.1791100800037384 7.43798828125 0.040761563926935196
0.12385042011737823 7.542268753051758 0.030034692957997322
0.11085360497236252 7.525772571563721 0.061809998005628586
0.12385042011737823 7.542268753051758 0.030034692957997322
0.045653488487005234 7.6448445320129395 0.023828240111470222
0.045306675136089325 7.628348350524902 0.05806045979261398
0.045653488487005234 7.6448445320129395 0.023828240111470222
0.045306675136089325 7.628348350524902 0.05806045979261398
0.0 7.640864849090576 0.056560639292001724
0.045306675136089325 7.628348350524902 0.05806045979261398
0.036382757127285004 7.606354236602783 0.2396472990512848
0.0 7.6210246086120605 0.2396472990512848
0.11085360497236252 7.525772571563721 0.061809998005628586
0.045306675136089325 7.628348350524902 0.05806045979261398
0.036382757127285004 7.606354236602783 0.2396472990512848
0.11085360497236252 7.525772571563721 0.061809998005628586
0.10093921422958374 7.505932331085205 0.22914856672286987
0.1380300223827362 7.421106338500977 0.21340042352676392
0.036382757127285004 7.606354236602783 0.2396472990512848
0.02768011763691902 7.543246746063232 0.4334450364112854
0.0 7.553195476531982 0.4334450364112854
0.10093921422958374 7.505932331085205 0.22914856672286987
0.036382757127285004 7.606354236602783 0.2396472990512848
0.02768011763691902 7.543246746063232 0.4334450364112854
0.10093921422958374 7.505932331085205 0.22914856672286987
0.08412519097328186 7.4644999504089355 0.409593403339386
0.12205351144075394 7.398331642150879 0.37870222330093384
0.3310587406158447 7.920875549316406 -0.14123979210853577
0.3586648404598236 7.940342426300049 -0.18839401006698608
0.28480255603790283 7.991798400878906 -0.1657007932662964
0.11062181740999222 7.9897847175598145 -0.09445438534021378
0.05497625097632408 7.992936611175537 -0.09147538244724274
0.06260786950588226 8.059266090393066 -0.21303348243236542
0.3713035583496094 7.540318012237549 -0.10974698513746262
0.3871605396270752 7.482230186462402 -0.16230466961860657
0.42846617102622986 7.618561744689941 -0.22845827043056488
0.38029322028160095 7.851870536804199 -0.1753922402858734
0.4014870524406433 7.854831218719482 -0.22110088169574738
0.3586648404598236 7.940342426300049 -0.18839401006698608
0.4023328423500061 7.751507759094238 -0.18259871006011963
0.4245336353778839 7.744101524353027 -0.2596241235733032
0.4014870524406433 7.854831218719482 -0.22110088169574738
0.05497625097632408 7.992936611175537 -0.09147538244724274
0.0 7.9930925369262695 -0.08871957659721375
0.0 8.061687469482422 -0.2143414467573166
0.31553950905799866 7.477390289306641 -0.04371458664536476
0.32406648993492126 7.394661903381348 -0.05629526078701019
0.3871605396270752 7.482230186462402 -0.16230466961860657
0.4074039161205292 7.64426326751709 -0.1638202667236328
0.42846617102622986 7.618561744689941 -0.22845827043056488
0.4245336353778839 7.744101524353027 -0.2596241235733032
0.25380152463912964 7.967504024505615 -0.10221385210752487
0.28480255603790283 7.991798400878906 -0.1657007932662964
0.20916981995105743 8.02562427520752 -0.1887062042951584
0.16939188539981842 7.980935096740723 -0.0961180180311203
0.20916981995105743 8.02562427520752 -0.1887062042951584
0.12615853548049927 8.053956985473633 -0.20726749300956726
0.31553950905799866 7.477390289306641 -0.04371458664536476
0.1791100800037384 7.43798828125 0.040761563926935196
0.20529775321483612 7.375777244567871 -3.380343969183741e-07
0.20529775321483612 7.375777244567871 -3.380343969183741e-07
0.19529037177562714 7.329379558563232 -3.422402414798853e-07
0.25228118896484375 7.308948993682861 -0.04518238455057144
0.19529037177562714 7.329379558563232 -3.422402414798853e-07
0.15722480416297913 7.280148029327393 -3.467029046078096e-07
0.18279944360256195 7.244650840759277 -0.02847352996468544
0.18279944360256195 7.244650840759277 -0.02847352996468544
0.15722480416297913 7.280148029327393 -3.467029046078096e-07
0.10294955223798752 7.225032329559326 0.0038826533127576113
0.10294955223798752 7.225032329559326 0.0038826533127576113
0.04650820046663284 7.20385217666626 0.013873190619051456
0.04919007793068886 7.180683135986328 -0.014084436930716038
0.04650820046663284 7.20385217666626 0.013873190619051456
0.0 7.200293064117432 0.013873189687728882
0.0 7.175846576690674 -0.010756148025393486
0.20529775321483612 7.375777244567871 -3.380343969183741e-07
0.1791100800037384 7.43798828125 0.040761563926935196
0.18013109266757965 7.383967399597168 0.030346505343914032
0.10294955223798752 7.225032329559326 0.0038826533127576113
0.09962116181850433 7.2526535987854 0.01662403717637062
0.04297391325235367 7.230444431304932 0.023134661838412285
0.15722480416297913 7.280148029327393 -3.467029046078096e-07
0.19529037177562714 7.329379558563232 -3.422402414798853e-07
0.16443568468093872 7.326639652252197 0.009723391383886337
0.04650820046663284 7.20385217666626 0.013873190619051456
0.04297391325235367 7.230444431304932 0.023134661838412285
0.0 7.2223992347717285 0.024521449580788612
0.19529037177562714 7.329379558563232 -3.422402414798853e-07
0.20529775321483612 7.375777244567871 -3.380343969183741e-07
0.17145991325378418 7.359206199645996 0.0017355033196508884
0.15722480416297913 7.280148029327393 -3.467029046078096e-07
0.14418433606624603 7.2925004959106445 0.010522179305553436
0.09962116181850433 7.2526535987854 0.01662403717637062
0.1380300223827362 7.421106338500977 0.21340042352676392
0.12205351144075394 7.398331642150879 0.37870222330093384
0.13068744540214539 7.337265491485596 0.35080164670944214
0.08412519097328186 7.4644999504089355 0.409593403339386
0.07001154869794846 7.424889087677002 0.5632437467575073
0.101389579474926 7.367685794830322 0.5325918197631836
0.02768011763691902 7.543246746063232 0.4334450364112854
0.02309374511241913 7.467872142791748 0.5802950859069824
0.07001154869794846 7.424889087677002 0.5632437467575073
0.12205351144075394 7.398331642150879 0.37870222330093384
0.101389579474926 7.367685794830322 0.5325918197631836
0.1197303906083107 7.322945594787598 0.5047649145126343
0.02768011763691902 7.543246746063232 0.4334450364112854
0.02309374511241913 7.467872142791748 0.5802950859069824
0.0 7.476350784301758 0.5837458372116089
0.101389579474926 7.367685794830322 0.5325918197631836
0.07486091554164886 7.331637859344482 0.663529098033905
0.09851238876581192 7.296636581420898 0.638037919998169
0.02309374511241913 7.467872142791748 0.5802950859069824
0.015571478754281998 7.393833160400391 0.6964138150215149
0.050777412950992584 7.370625019073486 0.6871317028999329
0.02309374511241913 7.467872142791748 0.5802950859069824
0.015571478754281998 7.393833160400391 0.6964138150215149
0.0 7.396347999572754 0.6982624530792236
0.07001154869794846 7.424889087677002 0.5632437467575073
0.050777412950992584 7.370625019073486 0.6871317028999329
0.07486091554164886 7.331637859344482 0.663529098033905
0.07486091554164886 7.331637859344482 0.663529098033905
0.056847620755434036 7.294198989868164 0.7708383202552795
0.07464256882667542 7.2696099281311035 0.743037223815918
0.015571478754281998 7.393833160400391 0.6964138150215149
0.010512830689549446 7.322506904602051 0.7934477925300598
0.03613787144422531 7.311262607574463 0.7846249938011169
0.0 7.396347999572754 0.6982624530792236
0.015571478754281998 7.393833160400391 0.6964138150215149
0.010512830689549446 7.322506904602051 0.7934477925300598
0.050777412950992584 7.370625019073486 0.6871317028999329
0.03613787144422531 7.311262607574463 0.7846249938011169
0.056847620755434036 7.294198989868164 0.7708383202552795
0.056847620755434036 7.294198989868164 0.7708383202552795
0.033773988485336304 7.249667167663574 0.8532917499542236
0.04279761388897896 7.240779399871826 0.8429086208343506
0.010512830689549446 7.322506904602051 0.7934477925300598
0.0 7.263161659240723 0.8669463992118835
0.019669489935040474 7.257889270782471 0.8625204563140869
0.03613787144422531 7.311262607574463 0.7846249938011169
0.019669489935040474 7.257889270782471 0.8625204563140869
0.033773988485336304 7.249667167663574 0.8532917499542236
0.1380300223827362 7.421106338500977 0.21340042352676392
0.1403125673532486 7.34769344329834 0.1970852166414261
0.156236931681633 7.362850189208984 0.07630269229412079
0.1601313352584839 7.430824279785156 0.06720581650733948
0.156236931681633 7.362850189208984 0.07630269229412079
0.18013109266757965 7.383967399597168 0.030346505343914032
0.04297391325235367 7.230444431304932 0.023134661838412285
0.09962116181850433 7.2526535987854 0.01662403717637062
0.09318920224905014 7.252204895019531 0.06961385905742645
0.14418433606624603 7.2925004959106445 0.010522179305553436
0.16443568468093872 7.326639652252197 0.009723391383886337
0.14799100160598755 7.323892116546631 0.06561992317438126
0.0 7.2223992347717285 0.024521449580788612
0.04297391325235367 7.230444431304932 0.023134661838412285
0.04547522962093353 7.219938278198242 0.07390192896127701
0.09962116181850433 7.2526535987854 0.01662403717637062
0.14418433606624603 7.2925004959106445 0.010522179305553436
0.13309961557388306 7.290282249450684 0.06561992317438126
0.09318920224905014 7.252204895019531 0.06961385905742645
0.13309961557388306 7.290282249450684 0.06561992317438126
0.11482864618301392 7.285898208618164 0.1776055246591568
0.0 7.2128448486328125 0.07806229591369629
0.04547522962093353 7.219938278198242 0.07390192896127701
0.026500796899199486 7.217787265777588 0.18289346992969513
0.13309961557388306 7.290282249450684 0.06561992317438126
0.14799100160598755 7.323892116546631 0.06561992317438126
0.12609533965587616 7.319150924682617 0.1776055246591568
0.04547522962093353 7.219938278198242 0.07390192896127701
0.09318920224905014 7.252204895019531 0.06961385905742645
0.07517044246196747 7.2500081062316895 0.18015559017658234
0.07517044246196747 7.2500081062316895 0.18015559017658234
0.11482864618301392 7.285898208618164 0.1776055246591568
0.0921083614230156 7.281394004821777 0.33283549547195435
0.0 7.2112603187561035 0.18289346992969513
0.026500796899199486 7.217787265777588 0.18289346992969513
0.02323618158698082 7.220625877380371 0.3365173935890198
0.026500796899199486 7.217787265777588 0.18289346992969513
0.07517044246196747 7.2500081062316895 0.18015559017658234
0.06240971386432648 7.249316692352295 0.33461105823516846
0.11482864618301392 7.285898208618164 0.1776055246591568
0.12609533965587616 7.319150924682617 0.1776055246591568
0.103063203394413 7.312760829925537 0.33283549547195435
0.0 7.175846576690674 -0.010756148025393486
0.0 7.149735450744629 -0.1332349330186844
0.04891565442085266 7.154648780822754 -0.1050490289926529
0.18279944360256195 7.244650840759277 -0.02847352996468544
0.11253414303064346 7.2041449546813965 -0.01719650626182556
0.1254488229751587 7.174792289733887 -0.1134101003408432
0.32406648993492126 7.394661903381348 -0.05629526078701019
0.25228118896484375 7.308948993682861 -0.04518238455057144
0.2942931354045868 7.285816192626953 -0.14425455033779144
0.11253414303064346 7.2041449546813965 -0.01719650626182556
0.04919007793068886 7.180683135986328 -0.014084436930716038
0.04891565442085266 7.154648780822754 -0.1050490289926529
0.25228118896484375 7.308948993682861 -0.04518238455057144
0.18279944360256195 7.244650840759277 -0.02847352996468544
0.2103443294763565 7.210431098937988 -0.1278986781835556
0.0921083614230156 7.281394004821777 0.33283549547195435
0.103063203394413 7.312760829925537 0.33283549547195435
0.08014144748449326 7.30543851852417 0.49525606632232666
0.06240971386432648 7.249316692352295 0.33461105823516846
0.0921083614230156 7.281394004821777 0.33283549547195435
0.07140598446130753 7.278925895690918 0.49525606632232666
0.02323618158698082 7.220625877380371 0.3365173935890198
0.018951719626784325 7.231298446655273 0.4989379644393921
0.0 7.226703643798828 0.4989379644393921
0.02323618158698082 7.220625877380371 0.3365173935890198
0.06240971386432648 7.249316692352295 0.33461105823516846
0.0502537377178669 7.253543853759766 0.49703162908554077
0.0502537377178669 7.253543853759766 0.49703162908554077
0.07140598446130753 7.278925895690918 0.49525606632232666
0.04798136651515961 7.271782875061035 0.6245046854019165
0.018951719626784325 7.231298446655273 0.4989379644393921
0.017680484801530838 7.243960857391357 0.6281865835189819
0.0 7.240264415740967 0.6281865835189819
0.018951719626784325 7.231298446655273 0.4989379644393921
0.0502537377178669 7.253543853759766 0.49703162908554077
0.037753403186798096 7.26207160949707 0.6262802481651306
0.07140598446130753 7.278925895690918 0.49525606632232666
0.08014144748449326 7.30543851852417 0.49525606632232666
0.05302751809358597 7.284733295440674 0.6245046854019165
-0.11444923281669617 7.654016017913818 -3.7872842995057e-07
-0.10661070048809052 7.815433502197266 -0.01824578456580639
-0.05340185388922691 7.820892810821533 -0.009804485365748405
-0.10661070048809052 7.815433502197266 -0.01824578456580639
-0.14217770099639893 7.80128812789917 -0.028318366035819054
-0.14577782154083252 7.671148300170898 -0.02007041499018669
-0.10661070048809052 7.815433502197266 -0.01824578456580639
-0.11212119460105896 7.909282684326172 -0.042271941900253296
-0.15675684809684753 7.875014305114746 -0.05866197124123573
-0.05340185388922691 7.820892810821533 -0.009804485365748405
-0.05375230684876442 7.902316093444824 -0.03874521702528
0.0 7.900659561157227 -0.03526512160897255
-0.1741701364517212 7.935924530029297 -0.05351058393716812
-0.18867267668247223 7.8934125900268555 -0.06520335376262665
-0.15675684809684753 7.875014305114746 -0.05866197124123573
-0.2405550628900528 7.929820537567139 -0.07738436758518219
-0.23590810596942902 7.896190643310547 -0.0826878696680069
-0.18867267668247223 7.8934125900268555 -0.06520335376262665
-0.29672694206237793 7.894293308258057 -0.10346344113349915
-0.27676036953926086 7.863835334777832 -0.12977300584316254
-0.23590810596942902 7.896190643310547 -0.0826878696680069
-0.3497072160243988 7.843539714813232 -0.15492740273475647
-0.325910747051239 7.824501037597656 -0.16339844465255737
-0.27676036953926086 7.863835334777832 -0.12977300584316254
-0.18808037042617798 7.6035284996032715 -0.020070422440767288
-0.1672559529542923 7.565248012542725 0.01501715462654829
-0.11444923281669617 7.654016017913818 -3.7872842995057e-07
-0.37396323680877686 7.754086494445801 -0.17736424505710602
-0.344421923160553 7.750908374786377 -0.1901496797800064
-0.325910747051239 7.824501037597656 -0.16339844465255737
-0.37396323680877686 7.754086494445801 -0.17736424505710602
-0.3746015429496765 7.660123825073242 -0.15289634466171265
-0.3412303328514099 7.667096138000488 -0.17485058307647705
-0.3746015429496765 7.660123825073242 -0.15289634466171265
-0.34204739332199097 7.585531711578369 -0.09917628020048141
-0.3150593638420105 7.6139235496521 -0.10433056950569153
-0.34204739332199097 7.585531711578369 -0.09917628020048141
-0.2973652184009552 7.547871112823486 -0.036240026354789734
-0.28250521421432495 7.590944290161133 -0.05055879428982735
-0.10661070048809052 7.815433502197266 -0.01824578456580639
-0.11212119460105896 7.909282684326172 -0.042271941900253296
-0.05375230684876442 7.902316093444824 -0.03874521702528
0.0 7.654259204864502 0.03068554401397705
-0.045653488487005234 7.6448445320129395 0.023828240111470222
-0.05340185388922691 7.820892810821533 -0.009804485365748405
-0.21999619901180267 7.585655689239502 -0.020070424303412437
-0.21257643401622772 7.54099178314209 0.010726424865424633
-0.1672559529542923 7.565248012542725 0.01501715462654829
-0.21999619901180267 7.585655689239502 -0.020070424303412437
-0.28250521421432495 7.590944290161133 -0.05055879428982735
-0.2973652184009552 7.547871112823486 -0.036240026354789734
-0.12385042011737823 7.542268753051758 0.030034692957997322
-0.045653488487005234 7.6448445320129395 0.023828240111470222
-0.11444923281669617 7.654016017913818 -3.7872842995057e-07
-0.11212119460105896 7.909282684326172 -0.042271941900253296
-0.11062181740999222 7.9897847175598145 -0.09445438534021378
-0.05497625097632408 7.992936611175537 -0.09147538244724274
-0.11062181740999222 7.9897847175598145 -0.09445438534021378
-0.16939188539981842 7.980935096740723 -0.0961180180311203
-0.1741701364517212 7.935924530029297 -0.05351058393716812
-0.05375230684876442 7.902316093444824 -0.03874521702528
-0.05497625097632408 7.992936611175537 -0.09147538244724274
0.0 7.9930925369262695 -0.08871957659721375
-0.3310587406158447 7.920875549316406 -0.14123979210853577
-0.38029322028160095 7.851870536804199 -0.1753922402858734
-0.3497072160243988 7.843539714813232 -0.15492740273475647
-0.4023328423500061 7.751507759094238 -0.18259871006011963
-0.4074039161205292 7.64426326751709 -0.1638202667236328
-0.3746015429496765 7.660123825073242 -0.15289634466171265
-0.16939188539981842 7.980935096740723 -0.0961180180311203
-0.25380152463912964 7.967504024505615 -0.10221385210752487
-0.2405550628900528 7.929820537567139 -0.07738436758518219
-0.25380152463912964 7.967504024505615 -0.10221385210752487
-0.3310587406158447 7.920875549316406 -0.14123979210853577
-0.29672694206237793 7.894293308258057 -0.10346344113349915
-0.38029322028160095 7.851870536804199 -0.1753922402858734
-0.4023328423500061 7.751507759094238 -0.18259871006011963
-0.37396323680877686 7.754086494445801 -0.17736424505710602
-0.21257643401622772 7.54099178314209 0.010726424865424633
-0.1791100800037384 7.43798828125 0.040761563926935196
-0.12385042011737823 7.542268753051758 0.030034692957997322
-0.31553950905799866 7.477390289306641 -0.04371458664536476
-0.1791100800037384 7.43798828125 0.040761563926935196
-0.21257643401622772 7.54099178314209 0.010726424865424633
-0.4074039161205292 7.64426326751709 -0.1638202667236328
-0.3713035583496094 7.540318012237549 -0.10974698513746262
-0.34204739332199097 7.585531711578369 -0.09917628020048141
-0.3713035583496094 7.540318012237549 -0.10974698513746262
-0.31553950905799866 7.477390289306641 -0.04371458664536476
-0.2973652184009552 7.547871112823486 -0.036240026354789734
-0.1791100800037384 7.43798828125 0.040761563926935196
-0.1601313352584839 7.430824279785156 0.06720581650733948
-0.11085360497236252 7.525772571563721 0.061809998005628586
-0.12385042011737823 7.542268753051758 0.030034692957997322
-0.11085360497236252 7.525772571563721 0.061809998005628586
-0.045306675136089325 7.628348350524902 0.05806045979261398
0.0 7.640864849090576 0.056560639292001724
-0.045306675136089325 7.628348350524902 0.05806045979261398
-0.045653488487005234 7.6448445320129395 0.023828240111470222
0.0 7.6210246086120605 0.2396472990512848
-0.036382757127285004 7.606354236602783 0.2396472990512848
-0.045306675136089325 7.628348350524902 0.05806045979261398
-0.11085360497236252 7.525772571563721 0.061809998005628586
-0.10093921422958374 7.505932331085205 0.22914856672286987
-0.036382757127285004 7.606354236602783 0.2396472990512848
-0.1380300223827362 7.421106338500977 0.21340042352676392
-0.10093921422958374 7.505932331085205 0.22914856672286987
-0.11085360497236252 7.525772571563721 0.061809998005628586
0.0 7.553195476531982 0.4334450364112854
-0.02768011763691902 7.543246746063232 0.4334450364112854
-0.036382757127285004 7.606354236602783 0.2396472990512848
-0.10093921422958374 7.505932331085205 0.22914856672286987
-0.08412519097328186 7.4644999504089355 0.409593403339386
-0.02768011763691902 7.543246746063232 0.4334450364112854
-0.12205351144075394 7.398331642150879 0.37870222330093384
-0.08412519097328186 7.4644999504089355 0.409593403339386
-0.10093921422958374 7.505932331085205 0.22914856672286987
-0.28480255603790283 7.991798400878906 -0.1657007932662964
-0.3586648404598236 7.940342426300049 -0.18839401006698608
-0.3310587406158447 7.920875549316406 -0.14123979210853577
-0.11062181740999222 7.9897847175598145 -0.09445438534021378
-0.12615853548049927 8.053956985473633 -0.20726749300956726
-0.06260786950588226 8.059266090393066 -0.21303348243236542
-0.42846617102622986 7.618561744689941 -0.22845827043056488
-0.3871605396270752 7.482230186462402 -0.16230466961860657
-0.3713035583496094 7.540318012237549 -0.10974698513746262
-0.3586648404598236 7.940342426300049 -0.18839401006698608
-0.4014870524406433 7.854831218719482 -0.22110088169574738
-0.38029322028160095 7.851870536804199 -0.1753922402858734
-0.4014870524406433 7.854831218719482 -0.22110088169574738
-0.4245336353778839 7.744101524353027 -0.2596241235733032
-0.4023328423500061 7.751507759094238 -0.18259871006011963
-0.05497625097632408 7.992936611175537 -0.09147538244724274
-0.06260786950588226 8.059266090393066 -0.21303348243236542
0.0 8.061687469482422 -0.2143414467573166
-0.3871605396270752 7.482230186462402 -0.16230466961860657
-0.32406648993492126 7.394661903381348 -0.05629526078701019
-0.31553950905799866 7.477390289306641 -0.04371458664536476
-0.4245336353778839 7.744101524353027 -0.2596241235733032
-0.42846617102622986 7.618561744689941 -0.22845827043056488
-0.4074039161205292 7.64426326751709 -0.1638202667236328
-0.20916981995105743 8.02562427520752 -0.1887062042951584
-0.28480255603790283 7.991798400878906 -0.1657007932662964
-0.25380152463912964 7.967504024505615 -0.10221385210752487
-0.12615853548049927 8.053956985473633 -0.20726749300956726
-0.20916981995105743 8.02562427520752 -0.1887062042951584
-0.16939188539981842 7.980935096740723 -0.0961180180311203
-0.20529775321483612 7.375777244567871 -3.380343969183741e-07
-0.1791100800037384 7.43798828125 0.040761563926935196
-0.31553950905799866 7.477390289306641 -0.04371458664536476
-0.25228118896484375 7.308948993682861 -0.04518238455057144
-0.19529037177562714 7.329379558563232 -3.422402414798853e-07
-0.20529775321483612 7.375777244567871 -3.380343969183741e-07
-0.18279944360256195 7.244650840759277 -0.02847352996468544
-0.15722480416297913 7.280148029327393 -3.467029046078096e-07
-0.19529037177562714 7.329379558563232 -3.422402414798853e-07
-0.18279944360256195 7.244650840759277 -0.02847352996468544
-0.11253414303064346 7.2041449546813965 -0.01719650626182556
-0.10294955223798752 7.225032329559326 0.0038826533127576113
-0.04919007793068886 7.180683135986328 -0.014084436930716038
-0.04650820046663284 7.20385217666626 0.013873190619051456
-0.10294955223798752 7.225032329559326 0.0038826533127576113
0.0 7.175846576690674 -0.010756148025393486
0.0 7.200293064117432 0.013873189687728882
-0.04650820046663284 7.20385217666626 0.013873190619051456
-0.20529775321483612 7.375777244567871 -3.380343969183741e-07
-0.17145991325378418 7.359206199645996 0.0017355033196508884
-0.18013109266757965 7.383967399597168 0.030346505343914032
-0.04297391325235367 7.230444431304932 0.023134661838412285
-0.09962116181850433 7.2526535987854 0.01662403717637062
-0.10294955223798752 7.225032329559326 0.0038826533127576113
-0.15722480416297913 7.280148029327393 -3.467029046078096e-07
-0.14418433606624603 7.2925004959106445 0.010522179305553436
-0.16443568468093872 7.326639652252197 0.009723391383886337
0.0 7.2223992347717285 0.024521449580788612
-0.04297391325235367 7.230444431304932 0.023134661838412285
-0.04650820046663284 7.20385217666626 0.013873190619051456
-0.19529037177562714 7.329379558563232 -3.422402414798853e-07
-0.16443568468093872 7.326639652252197 0.009723391383886337
-0.17145991325378418 7.359206199645996 0.0017355033196508884
-0.09962116181850433 7.2526535987854 0.01662403717637062
-0.14418433606624603 7.2925004959106445 0.010522179305553436
-0.15722480416297913 7.280148029327393 -3.467029046078096e-07
-0.1380300223827362 7.421106338500977 0.21340042352676392
-0.1403125673532486 7.34769344329834 0.1970852166414261
-0.13068744540214539 7.337265491485596 0.35080164670944214
-0.101389579474926 7.367685794830322 0.5325918197631836
-0.07001154869794846 7.424889087677002 0.5632437467575073
-0.08412519097328186 7.4644999504089355 0.409593403339386
-0.07001154869794846 7.424889087677002 0.5632437467575073
-0.02309374511241913 7.467872142791748 0.5802950859069824
-0.02768011763691902 7.543246746063232 0.4334450364112854
-0.1197303906083107 7.322945594787598 0.5047649145126343
-0.101389579474926 7.367685794830322 0.5325918197631836
-0.12205351144075394 7.398331642150879 0.37870222330093384
0.0 7.476350784301758 0.5837458372116089
-0.02309374511241913 7.467872142791748 0.5802950859069824
-0.02768011763691902 7.543246746063232 0.4334450364112854
-0.09851238876581192 7.296636581420898 0.638037919998169
-0.07486091554164886 7.331637859344482 0.663529098033905
-0.101389579474926 7.367685794830322 0.5325918197631836
-0.050777412950992584 7.370625019073486 0.6871317028999329
-0.015571478754281998 7.393833160400391 0.6964138150215149
-0.02309374511241913 7.467872142791748 0.5802950859069824
0.0 7.396347999572754 0.6982624530792236
-0.015571478754281998 7.393833160400391 0.6964138150215149
-0.02309374511241913 7.467872142791748 0.5802950859069824
-0.07486091554164886 7.331637859344482 0.663529098033905
-0.050777412950992584 7.370625019073486 0.6871317028999329
-0.07001154869794846 7.424889087677002 0.5632437467575073
-0.07464256882667542 7.2696099281311035 0.743037223815918
-0.056847620755434036 7.294198989868164 0.7708383202552795
-0.07486091554164886 7.331637859344482 0.663529098033905
-0.03613787144422531 7.311262607574463 0.7846249938011169
-0.010512830689549446 7.322506904602051 0.7934477925300598
-0.015571478754281998 7.393833160400391 0.6964138150215149
0.0 7.396347999572754 0.6982624530792236
0.0 7.323421478271484 0.7970454096794128
-0.010512830689549446 7.322506904602051 0.7934477925300598
-0.056847620755434036 7.294198989868164 0.7708383202552795
-0.03613787144422531 7.311262607574463 0.7846249938011169
-0.050777412950992584 7.370625019073486 0.6871317028999329
-0.04279761388897896 7.240779399871826 0.8429086208343506
-0.033773988485336304 7.249667167663574 0.8532917499542236
-0.056847620755434036 7.294198989868164 0.7708383202552795
-0.019669489935040474 7.257889270782471 0.8625204563140869
0.0 7.263161659240723 0.8669463992118835
-0.010512830689549446 7.322506904602051 0.7934477925300598
-0.033773988485336304 7.249667167663574 0.8532917499542236
-0.019669489935040474 7.257889270782471 0.8625204563140869
-0.03613787144422531 7.311262607574463 0.7846249938011169
-0.1380300223827362 7.421106338500977 0.21340042352676392
-0.1601313352584839 7.430824279785156 0.06720581650733948
-0.156236931681633 7.362850189208984 0.07630269229412079
-0.1601313352584839 7.430824279785156 0.06720581650733948
-0.1791100800037384 7.43798828125 0.040761563926935196
-0.18013109266757965 7.383967399597168 0.030346505343914032
-0.04297391325235367 7.230444431304932 0.023134661838412285
-0.04547522962093353 7.219938278198242 0.07390192896127701
-0.09318920224905014 7.252204895019531 0.06961385905742645
-0.14418433606624603 7.2925004959106445 0.010522179305553436
-0.13309961557388306 7.290282249450684 0.06561992317438126
-0.14799100160598755 7.323892116546631 0.06561992317438126
0.0 7.2223992347717285 0.024521449580788612
0.0 7.2128448486328125 0.07806229591369629
-0.04547522962093353 7.219938278198242 0.07390192896127701
-0.09962116181850433 7.2526535987854 0.01662403717637062
-0.09318920224905014 7.252204895019531 0.06961385905742645
-0.13309961557388306 7.290282249450684 0.06561992317438126
-0.09318920224905014 7.252204895019531 0.06961385905742645
-0.07517044246196747 7.2500081062316895 0.18015559017658234
-0.11482864618301392 7.285898208618164 0.1776055246591568
0.0 7.2128448486328125 0.07806229591369629
0.0 7.2112603187561035 0.18289346992969513
-0.026500796899199486 7.217787265777588 0.18289346992969513
-0.13309961557388306 7.290282249450684 0.06561992317438126
-0.11482864618301392 7.285898208618164 0.1776055246591568
-0.12609533965587616 7.319150924682617 0.1776055246591568
-0.04547522962093353 7.219938278198242 0.07390192896127701
-0.026500796899199486 7.217787265777588 0.18289346992969513
-0.07517044246196747 7.2500081062316895 0.18015559017658234
-0.07517044246196747 7.2500081062316895 0.18015559017658234
-0.06240971386432648 7.249316692352295 0.33461105823516846
-0.0921083614230156 7.281394004821777 0.33283549547195435
0.0 7.2112603187561035 0.18289346992969513
0.0 7.215387344360352 0.3365173935890198
-0.02323618158698082 7.220625877380371 0.3365173935890198
-0.026500796899199486 7.217787265777588 0.18289346992969513
-0.02323618158698082 7.220625877380371 0.3365173935890198
-0.06240971386432648 7.249316692352295 0.33461105823516846
-0.11482864618301392 7.285898208618164 0.1776055246591568
-0.0921083614230156 7.281394004821777 0.33283549547195435
-0.103063203394413 7.312760829925537 0.33283549547195435
-0.04891565442085266 7.154648780822754 -0.1050490289926529
0.0 7.149735450744629 -0.1332349330186844
0.0 7.175846576690674 -0.010756148025393486
-0.18279944360256195 7.244650840759277 -0.02847352996468544
-0.2103443294763565 7.210431098937988 -0.1278986781835556
-0.1254488229751587 7.174792289733887 -0.1134101003408432
-0.32406648993492126 7.394661903381348 -0.05629526078701019
-0.3871605396270752 7.482230186462402 -0.16230466961860657
-0.2942931354045868 7.285816192626953 -0.14425455033779144
-0.11253414303064346 7.2041449546813965 -0.01719650626182556
-0.1254488229751587 7.174792289733887 -0.1134101003408432
-0.04891565442085266 7.154648780822754 -0.1050490289926529
-0.25228118896484375 7.308948993682861 -0.04518238455057144
-0.2942931354045868 7.285816192626953 -0.14425455033779144
-0.2103443294763565 7.210431098937988 -0.1278986781835556
-0.0921083614230156 7.281394004821777 0.33283549547195435
-0.07140598446130753 7.278925895690918 0.49525606632232666
-0.08014144748449326 7.30543851852417 0.49525606632232666
-0.06240971386432648 7.249316692352295 0.33461105823516846
-0.0502537377178669 7.253543853759766 0.49703162908554077
-0.07140598446130753 7.278925895690918 0.49525606632232666
0.0 7.226703643798828 0.4989379644393921
-0.018951719626784325 7.231298446655273 0.4989379644393921
-0.02323618158698082 7.220625877380371 0.3365173935890198
-0.02323618158698082 7.220625877380371 0.3365173935890198
-0.018951719626784325 7.231298446655273 0.4989379644393921
-0.0502537377178669 7.253543853759766 0.49703162908554077
-0.0502537377178669 7.253543853759766 0.49703162908554077
-0.037753403186798096 7.26207160949707 0.6262802481651306
-0.04798136651515961 7.271782875061035 0.6245046854019165
0.0 7.240264415740967 0.6281865835189819
-0.017680484801530838 7.243960857391357 0.6281865835189819
-0.018951719626784325 7.231298446655273 0.4989379644393921
-0.018951719626784325 7.231298446655273 0.4989379644393921
-0.017680484801530838 7.243960857391357 0.6281865835189819
-0.037753403186798096 7.26207160949707 0.6262802481651306
-0.07140598446130753 7.278925895690918 0.49525606632232666
-0.04798136651515961 7.271782875061035 0.6245046854019165
-0.05302751809358597 7.284733295440674 0.6245046854019165
