144
-0.9999999403953552 4.331704417381843e-08 3.552713678800501e-15
0.9999999403953552 4.331704417381843e-08 3.552713678800501e-15
-0.9999999403953552 0.0 2.0
0.9999999403953552 0.0 2.0
-0.9999999403953552 0.0 1.8181817531585693
-0.9999999403953552 0.0 1.6363636255264282
-0.9999999403953552 0.0 1.454545497894287
-0.9999999403953552 0.0 1.2727272510528564
-0.9999999403953552 0.0 1.0909090042114258
-0.9999999403953552 0.0 0.9090908169746399
-0.9999999403953552 0.0 0.727272629737854
-0.9999999403953552 0.0 0.5454545021057129
-0.9999999403953552 2.9802322387695312e-08 0.363636314868927
-0.9999999403953552 2.9802322387695312e-08 0.1818181574344635
-0.8181817531585693 4.331704417381843e-08 3.552713678800501e-15
-0.6363635659217834 4.331704417381843e-08 3.552713678800501e-15
-0.45454540848731995 4.331704417381843e-08 3.552713678800501e-15
-0.27272722125053406 4.331704417381843e-08 3.552713678800501e-15
-0.09090905636548996 4.331704417381843e-08 3.552713678800501e-15
0.09090910106897354 4.331704417381843e-08 3.552713678800501e-15
0.27272725105285645 4.331704417381843e-08 3.552713678800501e-15
0.45454543828964233 4.331704417381843e-08 3.552713678800501e-15
0.6363635659217834 4.331704417381843e-08 3.552713678800501e-15
0.8181817531585693 4.331704417381843e-08 3.552713678800501e-15
0.9999999403953552 2.9802322387695312e-08 0.1818181872367859
0.9999999403953552 2.9802322387695312e-08 0.3636363744735718
0.9999999403953552 0.0 0.5454545617103577
0.9999999403953552 0.0 0.7272727489471436
0.9999999403953552 0.0 0.9090909361839294
0.9999999403953552 0.0 1.0909091234207153
0.9999999403953552 0.0 1.2727272510528564
0.9999999403953552 0.0 1.454545497894287
0.9999999403953552 0.0 1.6363636255264282
0.9999999403953552 0.0 1.8181817531585693
0.8181817531585693 0.0 2.0
0.6363635659217834 0.0 2.0
0.45454540848731995 0.0 2.0
0.27272722125053406 0.0 2.0
0.09090905636548996 0.0 2.0
-0.09090910106897354 0.0 2.0
-0.27272725105285645 0.0 2.0
-0.45454543828964233 0.0 2.0
-0.6363635659217834 0.0 2.0
-0.8181817531585693 0.0 2.0
-0.8181817531585693 2.9802322387695312e-08 0.1818181872367859
-0.8181817531585693 2.9802322387695312e-08 0.3636363744735718
-0.8181817531585693 0.0 0.5454545617103577
-0.8181817531585693 0.0 0.7272727489471436
-0.8181817531585693 0.0 0.9090909361839294
-0.8181817531585693 0.0 1.0909091234207153
-0.8181817531585693 0.0 1.2727272510528564
-0.8181817531585693 0.0 1.454545497894287
-0.8181817531585693 0.0 1.6363636255264282
-0.8181817531585693 0.0 1.8181817531585693
-0.6363635659217834 2.9802322387695312e-08 0.1818181872367859
-0.6363635659217834 2.9802322387695312e-08 0.3636363744735718
-0.6363635659217834 0.0 0.5454545617103577
-0.6363635659217834 0.0 0.7272727489471436
-0.6363635659217834 0.0 0.9090909361839294
-0.6363635659217834 0.0 1.0909091234207153
-0.6363635659217834 0.0 1.2727272510528564
-0.6363635659217834 0.0 1.454545497894287
-0.6363635659217834 0.0 1.6363636255264282
-0.6363635659217834 0.0 1.8181817531585693
-0.45454540848731995 2.9802322387695312e-08 0.1818181872367859
-0.45454540848731995 2.9802322387695312e-08 0.3636363744735718
-0.45454540848731995 0.0 0.5454545617103577
-0.45454540848731995 0.0 0.7272727489471436
-0.45454540848731995 0.0 0.9090909361839294
-0.45454540848731995 0.0 1.0909091234207153
-0.45454540848731995 0.0 1.2727272510528564
-0.45454540848731995 0.0 1.454545497894287
-0.45454540848731995 0.0 1.6363636255264282
-0.45454540848731995 0.0 1.8181817531585693
-0.27272722125053406 2.9802322387695312e-08 0.1818181872367859
-0.27272722125053406 2.9802322387695312e-08 0.3636363744735718
-0.27272722125053406 0.0 0.5454545617103577
-0.27272722125053406 0.0 0.7272727489471436
-0.27272722125053406 0.0 0.9090909361839294
-0.27272722125053406 0.0 1.0909091234207153
-0.27272722125053406 0.0 1.2727272510528564
-0.27272722125053406 0.0 1.454545497894287
-0.27272722125053406 0.0 1.6363636255264282
-0.27272722125053406 0.0 1.8181817531585693
-0.09090906381607056 2.9802322387695312e-08 0.1818181872367859
-0.09090907126665115 2.9802322387695312e-08 0.3636363744735718
-0.09090907126665115 0.0 0.5454545617103577
-0.09090907126665115 0.0 0.7272727489471436
-0.09090907871723175 0.0 0.9090909361839294
-0.09090908616781235 0.0 1.0909091234207153
-0.09090908616781235 0.0 1.2727272510528564
-0.09090908616781235 0.0 1.454545497894287
-0.09090909361839294 0.0 1.6363636255264282
-0.09090910106897354 0.0 1.8181817531585693
0.09090909361839294 2.9802322387695312e-08 0.1818181872367859
0.09090908616781235 2.9802322387695312e-08 0.3636363744735718
0.09090908616781235 0.0 0.5454545617103577
0.09090908616781235 0.0 0.7272727489471436
0.09090907871723175 0.0 0.9090909361839294
0.09090907126665115 0.0 1.0909091234207153
0.09090907126665115 0.0 1.2727272510528564
0.09090907126665115 0.0 1.454545497894287
0.09090906381607056 0.0 1.6363636255264282
0.09090905636548996 0.0 1.8181817531585693
0.27272725105285645 2.9802322387695312e-08 0.1818181872367859
0.27272725105285645 2.9802322387695312e-08 0.3636363744735718
0.27272725105285645 0.0 0.5454545617103577
0.27272725105285645 0.0 0.7272727489471436
0.27272725105285645 0.0 0.9090909361839294
0.27272725105285645 0.0 1.0909091234207153
0.27272725105285645 0.0 1.2727272510528564
0.27272725105285645 0.0 1.454545497894287
0.27272725105285645 0.0 1.6363636255264282
0.27272722125053406 0.0 1.8181817531585693
0.45454543828964233 2.9802322387695312e-08 0.1818181872367859
0.45454543828964233 2.9802322387695312e-08 0.3636363744735718
0.45454543828964233 0.0 0.5454545617103577
0.45454543828964233 0.0 0.7272727489471436
0.45454543828964233 0.0 0.9090909361839294
0.45454543828964233 0.0 1.0909091234207153
0.45454543828964233 0.0 1.2727272510528564
0.45454543828964233 0.0 1.454545497894287
0.45454543828964233 0.0 1.6363636255264282
0.45454540848731995 0.0 1.8181817531585693
0.6363635659217834 2.9802322387695312e-08 0.1818181872367859
0.6363635659217834 2.9802322387695312e-08 0.3636363744735718
0.6363635659217834 0.0 0.5454545617103577
0.6363635659217834 0.0 0.7272727489471436
0.6363635659217834 0.0 0.9090909361839294
0.6363635659217834 0.0 1.0909091234207153
0.6363635659217834 0.0 1.2727272510528564
0.6363635659217834 0.0 1.454545497894287
0.6363635659217834 0.0 1.6363636255264282
0.6363635659217834 0.0 1.8181817531585693
0.8181817531585693 2.9802322387695312e-08 0.1818181872367859
0.8181817531585693 2.9802322387695312e-08 0.3636363744735718
0.8181817531585693 0.0 0.5454545617103577
0.8181817531585693 0.0 0.7272727489471436
0.8181817531585693 0.0 0.9090909361839294
0.8181817531585693 0.0 1.0909091234207153
0.8181817531585693 0.0 1.2727272510528564
0.8181817531585693 0.0 1.454545497894287
0.8181817531585693 0.0 1.6363636255264282
0.8181817531585693 0.0 1.8181817531585693
1
0.0 0.0 0.0 0.0 0.0
0.0 0.0 0.0 0.0 0.0
0.0 0.0 0.0 0.0 0.0
385
0 13 0 13
1 23 1 23
3 33 3 33
2 43 2 43
4 2 4 2
5 4 5 4
6 5 6 5
7 6 7 6
8 7 8 7
9 8 9 8
10 9 10 9
11 10 11 10
12 11 12 11
13 12 13 12
14 0 14 0
15 14 15 14
16 15 16 15
17 16 17 16
18 17 18 17
19 18 19 18
20 19 20 19
21 20 21 20
22 21 22 21
23 22 23 22
24 1 24 1
25 24 25 24
26 25 26 25
27 26 27 26
28 27 28 27
29 28 29 28
30 29 30 29
31 30 31 30
32 31 32 31
33 32 33 32
34 3 34 3
35 34 35 34
36 35 36 35
37 36 37 36
38 37 38 37
39 38 39 38
40 39 40 39
41 40 41 40
42 41 42 41
43 42 43 42
43 53 43 53
44 14 44 14
45 44 45 44
46 45 46 45
47 46 47 46
48 47 48 47
49 48 49 48
50 49 50 49
51 50 51 50
52 51 52 51
53 52 53 52
42 63 42 63
54 15 54 15
55 54 55 54
56 55 56 55
57 56 57 56
58 57 58 57
59 58 59 58
60 59 60 59
61 60 61 60
62 61 62 61
63 62 63 62
41 73 41 73
64 16 64 16
65 64 65 64
66 65 66 65
67 66 67 66
68 67 68 67
69 68 69 68
70 69 70 69
71 70 71 70
72 71 72 71
73 72 73 72
40 83 40 83
74 17 74 17
75 74 75 74
76 75 76 75
77 76 77 76
78 77 78 77
79 78 79 78
80 79 80 79
81 80 81 80
82 81 82 81
83 82 83 82
39 93 39 93
84 18 84 18
85 84 85 84
86 85 86 85
87 86 87 86
88 87 88 87
89 88 89 88
90 89 90 89
91 90 91 90
92 91 92 91
93 92 93 92
38 103 38 103
94 19 94 19
95 94 95 94
96 95 96 95
97 96 97 96
98 97 98 97
99 98 99 98
100 99 100 99
101 100 101 100
102 101 102 101
103 102 103 102
37 113 37 113
104 20 104 20
105 104 105 104
106 105 106 105
107 106 107 106
108 107 108 107
109 108 109 108
110 109 110 109
111 110 111 110
112 111 112 111
113 112 113 112
36 123 36 123
114 21 114 21
115 114 115 114
116 115 116 115
117 116 117 116
118 117 118 117
119 118 119 118
120 119 120 119
121 120 121 120
122 121 122 121
123 122 123 122
35 133 35 133
124 22 124 22
125 124 125 124
126 125 126 125
127 126 127 126
128 127 128 127
129 128 129 128
130 129 130 129
131 130 131 130
132 131 132 131
133 132 133 132
34 143 34 143
134 23 134 23
135 134 135 134
136 135 136 135
137 136 137 136
138 137 138 137
139 138 139 138
140 139 140 139
141 140 141 140
142 141 142 141
143 142 143 142
13 44 13 44
12 45 12 45
11 46 11 46
10 47 10 47
9 48 9 48
8 49 8 49
7 50 7 50
6 51 6 51
5 52 5 52
4 53 4 53
44 54 44 54
45 55 45 55
46 56 46 56
47 57 47 57
48 58 48 58
49 59 49 59
50 60 50 60
51 61 51 61
52 62 52 62
53 63 53 63
54 64 54 64
55 65 55 65
56 66 56 66
57 67 57 67
58 68 58 68
59 69 59 69
60 70 60 70
61 71 61 71
62 72 62 72
63 73 63 73
64 74 64 74
65 75 65 75
66 76 66 76
67 77 67 77
68 78 68 78
69 79 69 79
70 80 70 80
71 81 71 81
72 82 72 82
73 83 73 83
74 84 74 84
75 85 75 85
76 86 76 86
77 87 77 87
78 88 78 88
79 89 79 89
80 90 80 90
81 91 81 91
82 92 82 92
83 93 83 93
84 94 84 94
85 95 85 95
86 96 86 96
87 97 87 97
88 98 88 98
89 99 89 99
90 100 90 100
91 101 91 101
92 102 92 102
93 103 93 103
94 104 94 104
95 105 95 105
96 106 96 106
97 107 97 107
98 108 98 108
99 109 99 109
100 110 100 110
101 111 101 111
102 112 102 112
103 113 103 113
104 114 104 114
105 115 105 115
106 116 106 116
107 117 107 117
108 118 108 118
109 119 109 119
110 120 110 120
111 121 111 121
112 122 112 122
113 123 113 123
114 124 114 124
115 125 115 125
116 126 116 126
117 127 117 127
118 128 118 128
119 129 119 129
120 130 120 130
121 131 121 131
122 132 122 132
123 133 123 133
124 134 124 134
125 135 125 135
126 136 126 136
127 137 127 137
128 138 128 138
129 139 129 139
130 140 130 140
131 141 131 141
132 142 132 142
133 143 133 143
134 24 134 24
135 25 135 25
136 26 136 26
137 27 137 27
138 28 138 28
139 29 139 29
140 30 140 30
141 31 141 31
142 32 142 32
143 33 143 33
33 34 33 34
53 2 53 2
63 43 63 43
73 42 73 42
103 39 103 39
113 38 113 38
123 37 123 37
133 36 133 36
143 35 143 35
14 13 14 13
44 12 44 12
45 11 45 11
46 10 46 10
47 9 47 9
48 8 48 8
49 7 49 7
50 6 50 6
51 5 51 5
52 4 52 4
15 44 15 44
54 45 54 45
55 46 55 46
56 47 56 47
57 48 57 48
58 49 58 49
59 50 59 50
60 51 60 51
61 52 61 52
62 53 62 53
16 54 16 54
64 55 64 55
65 56 65 56
66 57 66 57
67 58 67 58
68 59 68 59
69 60 69 60
70 61 70 61
71 62 71 62
72 63 72 63
17 64 17 64
74 65 74 65
75 66 75 66
76 67 76 67
77 68 77 68
78 69 78 69
79 70 79 70
80 71 80 71
81 72 81 72
82 73 82 73
18 74 18 74
85 76 85 76
86 77 86 77
87 78 87 78
88 79 88 79
89 80 89 80
90 81 90 81
91 82 91 82
95 86 95 86
96 87 96 87
99 90 99 90
100 91 100 91
101 92 101 92
102 93 102 93
104 95 104 95
105 96 105 96
106 97 106 97
107 98 107 98
108 99 108 99
109 100 109 100
110 101 110 101
111 102 111 102
112 103 112 103
21 104 21 104
114 105 114 105
115 106 115 106
116 107 116 107
117 108 117 108
118 109 118 109
119 110 119 110
120 111 120 111
121 112 121 112
122 113 122 113
22 114 22 114
124 115 124 115
125 116 125 116
126 117 126 117
127 118 127 118
128 119 128 119
129 120 129 120
130 121 130 121
131 122 131 122
132 123 132 123
23 124 23 124
134 125 134 125
135 126 135 126
136 127 136 127
137 128 137 128
138 129 138 129
139 130 139 130
140 131 140 131
141 132 141 132
142 133 142 133
1 134 1 134
24 135 24 135
25 136 25 136
26 137 26 137
27 138 27 138
28 139 28 139
29 140 29 140
30 141 30 141
31 142 31 142
32 143 32 143
94 20 94 20
89 98 89 98
88 97 88 97
85 94 85 94
84 19 84 19
83 92 83 92
75 84 75 84
40 93 40 93
41 83 41 83
