model 1
52
-0.33349359035491943 0.9685664176940918 0.0 0 0 0 1.0 0.0 0.0
0.0 1.0 0.0 0 0 0 1.0 0.0 0.0
0.19509032368659973 0.9807852506637573 0.0 0 0 0 1.0 0.0 0.0
-0.6141453385353088 0.8198562264442444 0.0 0 0 0 1.0 0.0 0.0
0.3826834559440613 0.9238795042037964 0.0 0 0 0 1.0 0.0 0.0
-0.8248300552368164 0.6760051846504211 0.0 0 0 0 1.0 0.0 0.0
0.5555702447891235 0.8314695954322815 0.0 0 0 0 1.0 0.0 0.0
-0.9408631920814514 0.5020995736122131 0.0 0 0 0 1.0 0.0 0.0
0.7071067690849304 0.7071067690849304 0.0 0 0 0 1.0 0.0 0.0
-0.9906126856803894 0.2608163356781006 0.0 0 0 0 1.0 0.0 0.0
0.8314696550369263 0.5555701851844788 0.0 0 0 0 1.0 0.0 0.0
0.9238795042037964 0.3826834261417389 0.0 0 0 0 1.0 0.0 0.0
-1.0228863954544067 -0.055155884474515915 0.0 0 0 0 1.0 0.0 0.0
0.9807852506637573 0.19509035348892212 0.0 0 0 0 1.0 0.0 0.0
-1.0203287601470947 -0.3102531433105469 0.0 0 0 0 1.0 0.0 0.0
1.0 7.549790126404332e-08 0.0 0 0 0 1.0 0.0 0.0
-0.9401959776878357 -0.5033480525016785 0.0 0 0 0 1.0 0.0 0.0
-0.8239319324493408 -0.6770995259284973 0.0 0 0 0 1.0 0.0 0.0
-0.6760047078132629 -0.8248304724693298 0.0 0 0 0 1.0 0.0 0.0
0.8314696550369263 -0.5555701851844788 0.0 0 0 0 1.0 0.0 0.0
-0.44906336069107056 -0.9206959009170532 0.0 0 0 0 1.0 0.0 0.0
0.7071067690849304 -0.7071067690849304 0.0 0 0 0 1.0 0.0 0.0
0.5555701851844788 -0.8314696550369263 0.0 0 0 0 1.0 0.0 0.0
-0.1454586237668991 -1.013992428779602 0.0 0 0 0 1.0 0.0 0.0
0.38268327713012695 -0.9238796234130859 0.0 0 0 0 1.0 0.0 0.0
0.10523606836795807 -1.0612505674362183 0.0 0 0 0 1.0 0.0 0.0
0.19509008526802063 -0.9807853102684021 0.0 0 0 0 1.0 0.0 0.0
0.3102538287639618 -1.0203286409378052 0.0 0 0 0 1.0 0.0 0.0
-3.2584136988589307e-07 -1.0 0.0 0 0 0 1.0 0.0 0.0
0.5033485889434814 -0.9401955008506775 0.0 0 0 0 1.0 0.0 0.0
0.6771000623703003 -0.8239315748214722 0.0 0 0 0 1.0 0.0 0.0
0.8248308897018433 -0.67600417137146 0.0 0 0 0 1.0 0.0 0.0
-0.5555707216262817 -0.8314692974090576 0.0 0 0 0 1.0 0.0 0.0
0.9206962585449219 -0.4490627646446228 0.0 0 0 0 1.0 0.0 0.0
-0.7071072459220886 -0.707106351852417 0.0 0 0 0 1.0 0.0 0.0
-0.8314700126647949 -0.5555696487426758 0.0 0 0 0 1.0 0.0 0.0
1.0139925479888916 -0.1454581469297409 0.0 0 0 0 1.0 0.0 0.0
-0.923879861831665 -0.3826826810836792 0.0 0 0 0 1.0 0.0 0.0
1.0612504482269287 0.10523642599582672 0.0 0 0 0 1.0 0.0 0.0
-0.9807854294776917 -0.1950894594192505 0.0 0 0 0 1.0 0.0 0.0
1.020328402519226 0.3102540373802185 0.0 0 0 0 1.0 0.0 0.0
0.9401954412460327 0.503348708152771 0.0 0 0 0 1.0 0.0 0.0
0.8239315748214722 0.6771000027656555 0.0 0 0 0 1.0 0.0 0.0
-0.923879086971283 0.38268446922302246 0.0 0 0 0 1.0 0.0 0.0
0.67600417137146 0.8248308300971985 0.0 0 0 0 1.0 0.0 0.0
-0.831468939781189 0.5555712580680847 0.0 0 0 0 1.0 0.0 0.0
0.5020984411239624 0.9408639669418335 0.0 0 0 0 1.0 0.0 0.0
-0.7071058750152588 0.707107663154602 0.0 0 0 0 1.0 0.0 0.0
0.30889734625816345 1.0207397937774658 0.0 0 0 0 1.0 0.0 0.0
0.10382547229528427 1.061389446258545 0.0 0 0 0 1.0 0.0 0.0
-0.10523638129234314 1.0612505674362183 0.0 0 0 0 1.0 0.0 0.0
-0.19508881866931915 0.9807855486869812 0.0 0 0 0 1.0 0.0 0.0
44
49 50 1
42 8 10
2 49 1
49 2 48
46 6 44
42 10 41
40 13 38
36 38 15
38 13 15
2 4 48
4 46 48
40 11 13
40 41 11
6 46 4
8 44 6
41 10 11
8 42 44
29 22 24
31 21 30
29 24 27
25 28 23
19 31 33
25 26 28
25 27 26
21 31 19
22 30 21
27 24 26
22 29 30
18 34 17
16 37 14
9 43 7
5 47 3
50 51 1
50 0 51
32 18 20
34 18 32
34 35 17
35 16 17
37 16 35
39 14 37
5 45 47
5 7 45
39 12 14
7 43 45
92
49 2 1 49
48 4 2 48
46 6 4 46
44 8 6 44
42 10 8 42
41 11 10 41
40 13 11 40
38 15 13 38
31 21 19 31
30 22 21 30
29 24 22 29
27 26 24 27
51 50 0 51
25 28 26 25
47 3 5 47
45 5 7 45
43 7 9 43
39 12 14 39
18 34 32 18
37 14 16 37
35 16 17 35
17 35 34 17
34 17 18 34
32 18 20 32
16 37 35 16
14 39 37 14
28 23 25 28
26 25 27 26
24 27 29 24
22 29 30 22
21 30 31 21
19 31 33 19
7 45 43 7
15 36 38 15
13 38 40 13
5 47 45 5
11 40 41 11
10 41 42 10
8 42 44 8
6 44 46 6
4 46 48 4
2 48 49 2
1 49 50 1
50 1 51 50
2 49 1 50
51 1 50 49
38 15 36 38
48 49 2 1
4 48 2 49
4 6 46 44
8 44 6 46
41 10 42 8
11 41 10 42
11 13 40 38
15 38 13 40
13 15 38 36
46 48 4 2
6 46 4 48
41 11 40 13
10 11 41 40
42 44 8 6
44 42 8 10
19 21 31 30
22 30 21 31
27 24 29 22
26 27 24 29
26 28 25 23
25 23 28 25
31 33 19 31
21 31 19 33
27 26 25 28
24 26 27 25
29 30 22 21
30 29 22 24
18 20 32 18
32 34 18 17
35 17 34 18
35 37 16 14
39 14 37 16
7 43 9 7
45 7 43 9
45 47 5 3
5 3 47 5
0 51 50 1
50 51 0 50
34 18 32 20
16 17 35 34
37 16 35 17
12 14 39 37
7 45 5 47
43 45 7 5
14 12 39 14
0
