decoration 4
5.0 4.0 1.0
1.5 2.0 3.0
-0.21268342435359955 -0.24909712374210358 -0.0002725273370742798
0.25395825505256653 0.18753789365291595 0.09397771954536438
20
0.15289434790611267 -0.15457148849964142 0.08151271939277649 0 0 0 1.0 0.0 0.0 0.08699916303157806
0.13793222606182098 -0.136780247092247 -0.0002725273370742798 0 0 0 1.0 0.0 0.0 0.5031323432922363
-0.16837234795093536 0.1399228721857071 0.06261417269706726 0 0 0 1.0 0.0 0.0 0.012989921495318413
-0.19185298681259155 0.1097208559513092 -0.0002725273370742798 0 0 0 1.0 0.0 0.0 0.01091521792113781
-0.038062773644924164 -0.24909712374210358 0.07708965986967087 0 0 0 1.0 0.0 0.0 0.0037553654983639717
-0.0188476350158453 -0.22650812566280365 -0.0002725273370742798 0 0 0 1.0 0.0 0.0 0.043951615691185
-0.010774141177535057 0.147089421749115 -0.0002725273370742798 0 0 0 1.0 0.0 0.0 0.999153733253479
-0.02125883661210537 0.1610822230577469 0.06542884558439255 0 0 0 1.0 0.0 0.0 0.9632917642593384
0.03389608487486839 0.18753789365291595 0.06583094596862793 0 0 0 1.0 0.0 0.0 0.1266196221113205
0.024131296202540398 0.17882512509822845 -0.0002725273370742798 0 0 0 1.0 0.0 0.0 0.1854519546031952
0.2533521354198456 0.06632363051176071 0.054974332451820374 0 0 0 1.0 0.0 0.0 0.0004250554193276912
0.25395825505256653 0.03714478760957718 -0.0002725273370742798 0 0 0 1.0 0.0 0.0 0.001933711813762784
-0.10294175148010254 -0.03885482996702194 -0.0002725273370742798 0 0 0 1.0 0.0 0.0 0.9331796169281006
-0.12556622922420502 -0.022397123277187347 0.0842411071062088 0 0 0 1.0 0.0 0.0 0.4257212281227112
0.05112893506884575 -0.05399986356496811 0.09397771954536438 0 0 0 1.0 0.0 0.0 0.8209736943244934
0.037320852279663086 -0.03753000497817993 -0.0002725273370742798 0 0 0 1.0 0.0 0.0 0.9837666153907776
-0.19763663411140442 -0.07969348877668381 0.00021895859390497208 0 0 0 1.0 0.0 0.0 0.48978137969970703
-0.21268342435359955 -0.10729797929525375 0.07034339755773544 0 0 0 1.0 0.0 0.0 0.2730005085468292
0.07580317556858063 0.02559284120798111 -0.0002725273370742798 0 0 0 1.0 0.0 0.0 0.9295437335968018
0.06757943332195282 0.053490642458200455 0.08184844255447388 0 0 0 1.0 0.0 0.0 0.34638112783432007
0
10
1 0 1 0
2 3 2 3
4 5 4 5
7 6 7 6
8 9 8 9
10 11 10 11
13 12 13 12
14 15 14 15
17 16 17 16
19 18 19 18
0
