24
-1.0 -1.0 -1.0 1 1.0
-1.0 -1.0 1.0 1 1.0
-1.0 1.0 -1.0 1 1.0
-1.0 1.0 1.0 1 1.0
1.0 -1.0 -1.0 1 1.0
1.0 -1.0 1.0 1 1.0
1.0 0.0 -1.0 1 1.0
1.0 1.0 1.0 1 1.0
-0.75 -0.75 1.249999761581421 2 1.0
-0.75 -0.75 2.749999761581421 2 1.0
-0.75 0.75 1.249999761581421 2 1.0
-0.75 0.75 2.749999761581421 2 1.0
0.75 0.0 1.249999761581421 2 1.0
0.75 -0.75 2.749999761581421 2 1.0
0.75 0.75 1.249999761581421 2 1.0
0.75 0.75 2.749999761581421 2 1.0
-0.5 -0.5000000596046448 2.999999523162842 3 1.0
-0.5 -0.5000000596046448 4.000000953674316 3 1.0
-0.5 0.5000000596046448 2.999999523162842 3 1.0
-0.5 0.5000000596046448 4.000000953674316 3 1.0
0.5 -0.5000000596046448 2.999999523162842 3 1.0
0.5 0.0 4.000000953674316 3 1.0
0.5 0.5000000596046448 2.999999523162842 3 1.0
0.5 0.5000000596046448 4.000000953674316 3 1.0
36
-1.0 -1.0 1.0 1 1.0 0.43863096833229065 0.2812374532222748
-1.0 1.0 -1.0 1 1.0 0.2982695996761322 0.14087581634521484
-1.0 -1.0 -1.0 1 1.0 0.43863096833229065 0.0005145538598299026
-1.0 1.0 -1.0 1 1.0 0.15584994852542877 0.3111853301525116
1.0 1.0 1.0 1 1.0 0.0005145538598299026 0.15584984421730042
1.0 0.0 -1.0 1 1.0 0.15584997832775116 0.0005145538598299026
1.0 0.0 -1.0 1 1.0 0.9041311144828796 0.4807676374912262
1.0 -1.0 1.0 1 1.0 0.8048805594444275 0.3815171718597412
1.0 -1.0 -1.0 1 1.0 0.9041311144828796 0.2822665572166443
1.0 -1.0 1.0 1 1.0 0.58002108335495 0.5629894137382507
-1.0 -1.0 -1.0 1 1.0 0.4396599233150482 0.4226279854774475
1.0 -1.0 -1.0 1 1.0 0.58002108335495 0.2822665572166443
1.0 0.0 -1.0 1 1.0 0.5800212621688843 0.2812374234199524
-1.0 -1.0 -1.0 1 1.0 0.43966010212898254 0.1408759355545044
-1.0 1.0 -1.0 1 1.0 0.5800212621688843 0.0005145538598299026
-1.0 1.0 1.0 1 1.0 0.6963006258010864 0.5640185475349426
1.0 -1.0 1.0 1 1.0 0.6963006258010864 0.7625194191932678
1.0 1.0 1.0 1 1.0 0.497799813747406 0.7625192403793335
-0.75 -0.75 2.749999761581421 2 1.0 0.2972405254840851 0.7745606899261475
-0.75 0.75 1.249999761581421 2 1.0 0.1919698268175125 0.6692891120910645
-0.75 -0.75 1.249999761581421 2 1.0 0.2972405254840851 0.5640185475349426
-0.75 0.75 2.749999761581421 2 1.0 0.8038514256477356 0.49280837178230286
0.75 0.75 1.249999761581421 2 1.0 0.6985806822776794 0.38753730058670044
-0.75 0.75 1.249999761581421 2 1.0 0.8038514256477356 0.2822665572166443
0.75 0.75 2.749999761581421 2 1.0 0.596021294593811 0.9124240875244141
0.75 0.0 1.249999761581421 2 1.0 0.5215837359428406 0.8379862904548645
0.75 0.75 1.249999761581421 2 1.0 0.596021294593811 0.7635485529899597
0.75 -0.75 2.749999761581421 2 1.0 0.6975515484809875 0.5152697563171387
-0.75 -0.75 1.249999761581421 2 1.0 0.5810502171516418 0.3987681567668915
0.75 0.0 1.249999761581421 2 1.0 0.6975515484809875 0.2822665572166443
-0.75 0.75 1.249999761581421 2 1.0 0.802600622177124 0.7745603322982788
0.75 0.0 1.249999761581421 2 1.0 0.6973297595977783 0.6692893505096436
-0.75 -0.75 1.249999761581421 2 1.0 0.802600622177124 0.5640185475349426
-0.75 0.75 2.749999761581421 2 1.0 0.9089003205299377 0.7745602130889893
0.75 -0.75 2.749999761581421 2 1.0 0.8036296963691711 0.6692895293235779
0.75 0.75 2.749999761581421 2 1.0 0.9089003205299377 0.5640185475349426
-0.5 -0.5000000596046448 4.000000953674316 3 1.0 0.945019543170929 0.9159507751464844
-0.5 0.5000000596046448 2.999999523162842 3 1.0 0.8748392462730408 0.845770001411438
-0.5 -0.5000000596046448 2.999999523162842 3 1.0 0.945019543170929 0.7755894660949707
-0.5 0.5000000596046448 4.000000953674316 3 1.0 0.8738101124763489 0.91595059633255
0.5 0.5000000596046448 2.999999523162842 3 1.0 0.8036296963691711 0.8457695245742798
-0.5 0.5000000596046448 2.999999523162842 3 1.0 0.8738101124763489 0.7755894660949707
0.5 0.5000000596046448 2.999999523162842 3 1.0 0.07069477438926697 0.9458978176116943
0.5 0.0 4.000000953674316 3 1.0 0.0005145538598299026 0.8757176399230957
0.5 -0.5000000596046448 2.999999523162842 3 1.0 0.07069477438926697 0.8055369853973389
0.5 -0.5000000596046448 2.999999523162842 3 1.0 0.5205546021461487 0.9039100408554077
-0.5 -0.5000000596046448 4.000000953674316 3 1.0 0.45037397742271423 0.8337287306785583
-0.5 -0.5000000596046448 2.999999523162842 3 1.0 0.5205546021461487 0.7635485529899597
0.5 0.5000000596046448 2.999999523162842 3 1.0 0.9992009997367859 0.0005145538598299026
-0.5 -0.5000000596046448 2.999999523162842 3 1.0 0.9992009997367859 0.09976464509963989
-0.5 0.5000000596046448 2.999999523162842 3 1.0 0.8999501466751099 0.09976441413164139
-0.5 0.5000000596046448 4.000000953674316 3 1.0 0.9462710022926331 0.4817967712879181
0.5 0.0 4.000000953674316 3 1.0 0.9462710022926331 0.5519770979881287
0.5 0.5000000596046448 4.000000953674316 3 1.0 0.8760903477668762 0.5519767999649048
-1.0 -1.0 1.0 1 1.0 0.29724031686782837 0.5629894733428955
-1.0 1.0 1.0 1 1.0 0.15687909722328186 0.42262786626815796
-1.0 1.0 -1.0 1 1.0 0.29724031686782837 0.2822665572166443
-1.0 1.0 -1.0 1 1.0 0.4386307895183563 0.5629894137382507
-1.0 1.0 1.0 1 1.0 0.2982695996761322 0.42262783646583557
1.0 1.0 1.0 1 1.0 0.4386307895183563 0.2822665572166443
1.0 0.0 -1.0 1 1.0 0.2982695996761322 0.5640186667442322
1.0 1.0 1.0 1 1.0 0.4967707097530365 0.5640185475349426
1.0 -1.0 1.0 1 1.0 0.4967707097530365 0.7625192403793335
1.0 -1.0 1.0 1 1.0 0.2972404956817627 0.2812374532222748
-1.0 -1.0 1.0 1 1.0 0.15687909722328186 0.1408758908510208
-1.0 -1.0 -1.0 1 1.0 0.2972404956817627 0.0005145538598299026
1.0 0.0 -1.0 1 1.0 0.6963006258010864 0.9620493650436401
1.0 -1.0 -1.0 1 1.0 0.5970503687858582 0.8627992868423462
-1.0 -1.0 -1.0 1 1.0 0.6963006258010864 0.7635485529899597
-1.0 1.0 1.0 1 1.0 0.14087557792663574 0.5929371118545532
-1.0 -1.0 1.0 1 1.0 0.0005145538598299026 0.4525759816169739
1.0 -1.0 1.0 1 1.0 0.14087557792663574 0.3122144341468811
-0.75 -0.75 2.749999761581421 2 1.0 0.7926212549209595 0.2110564112663269
-0.75 0.75 2.749999761581421 2 1.0 0.6873505115509033 0.10578545928001404
-0.75 0.75 1.249999761581421 2 1.0 0.7926212549209595 0.0005145538598299026
-0.75 0.75 2.749999761581421 2 1.0 0.10578528791666031 0.804507851600647
0.75 0.75 2.749999761581421 2 1.0 0.0005145538598299026 0.6992369890213013
0.75 0.75 1.249999761581421 2 1.0 0.10578528791666031 0.5939661860466003
0.75 0.75 2.749999761581421 2 1.0 0.6863213777542114 0.21105635166168213
0.75 -0.75 2.749999761581421 2 1.0 0.5810503959655762 0.10578528791666031
0.75 0.0 1.249999761581421 2 1.0 0.6863213777542114 0.0005145538598299026
0.75 -0.75 2.749999761581421 2 1.0 0.4471449553966522 0.7635483741760254
-0.75 -0.75 2.749999761581421 2 1.0 0.4471449553966522 0.9124233722686768
-0.75 -0.75 1.249999761581421 2 1.0 0.2982695996761322 0.912423312664032
-0.75 0.75 1.249999761581421 2 1.0 0.1812521368265152 0.8992063403129578
0.75 0.75 1.249999761581421 2 1.0 0.10681439191102982 0.8247685432434082
0.75 0.0 1.249999761581421 2 1.0 0.1812521368265152 0.7503307461738586
-0.75 0.75 2.749999761581421 2 1.0 0.898921012878418 0.21105623245239258
-0.75 -0.75 2.749999761581421 2 1.0 0.7936503887176514 0.10578563064336777
0.75 -0.75 2.749999761581421 2 1.0 0.898921012878418 0.0005145538598299026
-0.5 -0.5000000596046448 4.000000953674316 3 1.0 0.7675102353096008 0.9159508943557739
-0.5 0.5000000596046448 4.000000953674316 3 1.0 0.6973297595977783 0.845770001411438
-0.5 0.5000000596046448 2.999999523162842 3 1.0 0.7675102353096008 0.7755894660949707
-0.5 0.5000000596046448 4.000000953674316 3 1.0 0.1812521368265152 0.9002354741096497
0.5 0.5000000596046448 4.000000953674316 3 1.0 0.1812521368265152 0.9994854927062988
0.5 0.5000000596046448 2.999999523162842 3 1.0 0.08200188726186752 0.9994850158691406
0.5 0.5000000596046448 2.999999523162842 3 1.0 0.8750612735748291 0.4817967712879181
0.5 0.5000000596046448 4.000000953674316 3 1.0 0.8750612735748291 0.5519770979881287
0.5 0.0 4.000000953674316 3 1.0 0.8048805594444275 0.5519770979881287
0.5 -0.5000000596046448 2.999999523162842 3 1.0 0.18448211252689362 0.7493016123771667
0.5 0.0 4.000000953674316 3 1.0 0.10681439191102982 0.6716341972351074
-0.5 -0.5000000596046448 4.000000953674316 3 1.0 0.18448211252689362 0.5939661860466003
0.5 0.5000000596046448 2.999999523162842 3 1.0 0.9992004036903381 0.1007937490940094
0.5 -0.5000000596046448 2.999999523162842 3 1.0 0.9992004036903381 0.20004400610923767
-0.5 -0.5000000596046448 2.999999523162842 3 1.0 0.8999501466751099 0.20004400610923767
-0.5 0.5000000596046448 4.000000953674316 3 1.0 0.2621503472328186 0.9159512519836426
-0.5 -0.5000000596046448 4.000000953674316 3 1.0 0.1919698268175125 0.8457704782485962
0.5 0.0 4.000000953674316 3 1.0 0.2621503472328186 0.7755898237228394
54
1 2 0 6
2 0 1 5
2 1 3 5
1 3 2 7
7 6 2 0
5 3 7 2
2 7 6 5
5 4 6 0
3 7 5 6
6 5 4 0
5 0 4 6
0 5 1 3
9 10 8 12
10 8 9 13
10 9 11 13
14 11 10 9
11 14 10 12
13 11 15 14
12 15 14 11
15 12 14 10
11 15 13 12
8 13 12 15
13 8 12 10
8 13 9 11
17 18 16 22
18 16 17 20
18 17 19 21
22 19 18 17
19 22 18 16
21 19 23 22
19 23 22 21
21 20 22 16
19 23 21 22
22 21 20 17
17 16 20 22
20 21 17 19
0 2 1 3
6 7 2 3
4 5 6 7
4 0 5 1
2 0 6 4
7 5 3 1
8 10 9 11
10 14 11 15
14 12 15 13
12 8 13 9
8 12 10 14
15 13 11 9
16 18 17 19
18 22 19 23
20 21 22 23
16 17 20 21
18 16 22 20
23 21 19 17
3
-1 0.0 0.0 0.0 0.7071068286895752 0.7071068286895752 0.0 0.0
0 0.0 0.0 1.25 1.0 0.0 -0.00026988983154296875 0.0
1 0.0 1.75 0.0 0.7069159150123596 0.0 0.7072976231575012 0.0
