360
-0.16245555877685547 -0.49999526143074036 -0.8506544232368469 0.16507819294929504 0.1843506097793579 -0.25728410482406616
0.0 0.0 -1.0 -0.18924953043460846 -0.2746547758579254 -0.10793805122375488
0.42532268166542053 -0.30901139974594116 -0.8506541848182678 0.3136740028858185 -0.11247274279594421 0.07758599519729614
0.7236073017120361 -0.5257253050804138 -0.44721952080726624 -0.08670258522033691 -0.052430689334869385 -0.32584866881370544
0.26286882162094116 -0.8090116381645203 -0.5257376432418823 -0.2643545866012573 -0.22947806119918823 0.03815761208534241
-0.276388019323349 -0.8506492376327515 -0.4472198486328125 0.25335198640823364 -0.08331805467605591 -0.21754306554794312
0.8506478667259216 0.0 -0.5257359147071838 0.03012382984161377 -0.31848034262657166 -0.13902616500854492
0.7236073017120361 -0.5257253050804138 -0.44721952080726624 0.26012736558914185 0.20724496245384216 -0.04035922884941101
0.42532268166542053 0.30901139974594116 -0.8506541848182678 0.2115820348262787 0.26914459466934204 0.07758593559265137
0.7236073017120361 0.5257253050804138 -0.44721952080726624 0.01538938283920288 -0.10424116253852844 -0.32584866881370544
-0.525729775428772 0.0 -0.8506516814231873 0.21538883447647095 -0.10798967629671097 -0.25728553533554077
0.0 0.0 -1.0 -0.310340940952301 0.10798967629671097 -0.10793709754943848
-0.6881893873214722 -0.49999693036079407 -0.5257362127304077 -0.2928183674812317 0.18435049057006836 0.03815877437591553
-0.8944262266159058 0.0 -0.44721561670303345 -0.011905014514923096 -0.27465546131134033 -0.21754372119903564
-0.16245555877685547 0.49999526143074036 -0.8506544232368469 -0.02679397165775299 -0.22534048557281494 -0.25728362798690796
0.0 0.0 -1.0 0.0026226292829960585 0.31564465165138245 -0.10793852806091309
-0.6881893873214722 0.49999693036079407 -0.5257362127304077 0.08630377054214478 0.33096686005592346 0.03815653920173645
-0.276388019323349 0.8506492376327515 -0.4472198486328125 -0.25958409905433655 -0.06067699193954468 -0.21754246950149536
0.26286882162094116 0.8090116381645203 -0.5257376432418823 0.34143519401550293 0.020196199417114258 0.03815767168998718
0.7236073017120361 0.5257253050804138 -0.44721952080726624 -0.1408538818359375 0.21909743547439575 -0.21754315495491028
0.9510578513145447 -0.30901262164115906 0.0 0.06614679098129272 -0.11247193813323975 -0.31233346462249756
0.7236073017120361 -0.5257253050804138 -0.44721952080726624 0.24741047620773315 -0.05243277549743652 0.21116600930690765
0.9510578513145447 0.30901262164115906 0.0 0.11757272481918335 -0.057027578353881836 0.31233203411102295
0.8944262266159058 0.0 0.44721561670303345 0.22625946998596191 0.10300420969724655 -0.21116375923156738
0.0 -0.9999999403953552 0.0 -0.08910869807004929 -0.10215240716934204 -0.3123341500759125
-0.276388019323349 -0.8506492376327515 -0.4472198486328125 0.02658502757549286 -0.25150394439697266 0.2111659198999405
0.5877856016159058 -0.8090167045593262 0.0 -0.01936793327331543 -0.12495368719100952 0.31233423948287964
0.276388019323349 -0.8506492376327515 0.4472198486328125 0.169343501329422 -0.18784284591674805 -0.2111659198999405
-0.9510578513145447 -0.30901262164115906 0.0 -0.11757272481918335 0.057027578353881836 -0.31233203411102295
-0.8944262266159058 0.0 -0.44721561670303345 -0.22625946998596191 -0.10300420969724655 0.21116375923156738
-0.5877856016159058 -0.8090167045593262 0.0 -0.12482398748397827 -0.02019280195236206 0.3123340904712677
-0.7236073017120361 -0.5257253050804138 0.44721952080726624 -0.12631970643997192 -0.21910083293914795 -0.21116600930690765
-0.5877856016159058 0.8090167045593262 0.0 0.01936793327331543 0.12495368719100952 -0.31233423948287964
-0.276388019323349 0.8506492376327515 -0.4472198486328125 -0.169343501329422 0.18784284591674805 0.2111659198999405
-0.9510578513145447 0.30901262164115906 0.0 -0.06614679098129272 0.11247193813323975 0.31233346462249756
-0.7236073017120361 0.5257253050804138 0.44721952080726624 -0.24741047620773315 0.05243277549743652 -0.21116600930690765
0.5877856016159058 0.8090167045593262 0.0 0.12482398748397827 0.02019280195236206 -0.3123340904712677
0.7236073017120361 0.5257253050804138 -0.44721952080726624 0.12631970643997192 0.21910083293914795 0.21116600930690765
0.0 0.9999999403953552 0.0 0.08910869807004929 0.10215240716934204 0.3123341500759125
0.276388019323349 0.8506492376327515 0.4472198486328125 -0.02658502757549286 0.25150394439697266 -0.2111659198999405
0.6881893873214722 -0.49999693036079407 0.5257362127304077 -0.15221726894378662 -0.28997519612312317 0.13902610540390015
0.276388019323349 -0.8506492376327515 0.4472198486328125 0.3254975974559784 0.019685447216033936 0.040359824895858765
-0.26286882162094116 -0.8090116381645203 0.5257376432418823 -0.31988459825515747 0.0641888976097107 0.1390250325202942
-0.7236073017120361 -0.5257253050804138 0.44721952080726624 0.11930328607559204 -0.3034825325012207 0.040360450744628906
-0.8506478667259216 0.0 0.5257359147071838 -0.03012382984161377 0.31848034262657166 0.13902616500854492
-0.7236073017120361 0.5257253050804138 0.44721952080726624 -0.26012736558914185 -0.20724496245384216 0.0403592586517334
-0.26286882162094116 0.8090116381645203 0.5257376432418823 0.2859048545360565 0.12495565414428711 0.1390252709388733
0.276388019323349 0.8506492376327515 0.4472198486328125 -0.27490225434303284 0.18784034252166748 0.04036018252372742
0.6881893873214722 0.49999693036079407 0.5257362127304077 0.21814173460006714 -0.22534146904945374 0.13902312517166138
0.8944262266159058 0.0 0.44721561670303345 0.0865815281867981 0.3156464397907257 0.04036182165145874
0.16245555877685547 -0.49999526143074036 0.8506543636322021 0.1982719600200653 -0.2899763882160187 -0.07758599519729614
0.276388019323349 -0.8506492376327515 0.4472198486328125 -0.11157719790935516 0.0196874737739563 0.32584863901138306
0.525729775428772 0.0 0.8506516814231873 -0.21538883447647095 0.10798970609903336 0.2572854161262512
0.0 0.0 1.0 0.310340940952301 -0.10798970609903336 0.10793721675872803
-0.42532268166542053 -0.30901139974594116 0.8506541848182678 -0.2115820348262787 -0.26914459466934204 -0.07758599519729614
-0.7236073017120361 -0.5257253050804138 0.44721952080726624 -0.01538938283920288 0.10424116253852844 0.32584866881370544
-0.42532268166542053 0.30901139974594116 0.8506541848182678 -0.3136740028858185 0.11247274279594421 -0.07758599519729614
-0.7236073017120361 0.5257253050804138 0.44721952080726624 0.08670258522033691 0.052430689334869385 0.3258487284183502
0.16245555877685547 0.49999526143074036 0.8506543636322021 0.0023552626371383667 0.3309665024280548 -0.07758587598800659
0.276388019323349 0.8506492376327515 0.4472198486328125 0.084339439868927 -0.06067758798599243 0.3258485198020935
-0.276388019323349 -0.8506492376327515 -0.4472198486328125 -0.08433949947357178 0.06067758798599243 -0.3258485198020935
-0.16245555877685547 -0.49999526143074036 -0.8506544232368469 -0.0023552626371383667 -0.3309665024280548 0.07758593559265137
0.0 0.0 -1.0 0.19854871928691864 -0.2519833743572235 -0.10793840885162354
0.42532268166542053 -0.30901139974594116 -0.8506541848182678 -0.13526883721351624 0.20600759983062744 -0.2572842240333557
0.7236073017120361 -0.5257253050804138 -0.44721952080726624 -0.11930328607559204 -0.3034825325012207 -0.040360450744628906
0.26286882162094116 -0.8090116381645203 -0.5257376432418823 0.31988459825515747 0.0641888976097107 -0.1390250325202942
0.7236073017120361 0.5257253050804138 -0.44721952080726624 0.26012736558914185 -0.20724496245384216 -0.0403592586517334
0.8506478667259216 0.0 -0.5257359147071838 0.03012382984161377 0.31848034262657166 -0.13902616500854492
0.0 0.0 -1.0 0.19854871928691864 0.2519833743572235 -0.10793840885162354
0.42532268166542053 0.30901139974594116 -0.8506541848182678 -0.13526883721351624 -0.20600759983062744 -0.25728434324264526
-0.8944262266159058 0.0 -0.44721561670303345 0.042248308658599854 0.1079898253083229 -0.32584893703460693
-0.525729775428772 0.0 -0.8506516814231873 -0.32644814252853394 -0.1079898253083229 0.07758724689483643
-0.276388019323349 -0.8506492376327515 -0.4472198486328125 -0.3254975974559784 0.019685447216033936 -0.040359824895858765
-0.6881893873214722 -0.49999693036079407 -0.5257362127304077 0.15221726894378662 -0.28997519612312317 -0.13902610540390015
-0.276388019323349 0.8506492376327515 -0.4472198486328125 0.11157719790935516 -0.0196874737739563 -0.32584863901138306
-0.16245555877685547 0.49999526143074036 -0.8506544232368469 -0.1982719600200653 0.2899763882160187 0.07758605480194092
-0.8944262266159058 0.0 -0.44721561670303345 -0.0865815281867981 0.3156464397907257 -0.04036182165145874
-0.6881893873214722 0.49999693036079407 -0.5257362127304077 -0.21814173460006714 -0.22534146904945374 -0.13902312517166138
-0.276388019323349 0.8506492376327515 -0.4472198486328125 0.27490225434303284 0.18784034252166748 -0.04036018252372742
0.26286882162094116 0.8090116381645203 -0.5257376432418823 -0.2859048545360565 0.12495565414428711 -0.1390252709388733
0.8944262266159058 0.0 0.44721561670303345 0.17420434951782227 -0.25198498368263245 -0.1348835825920105
0.9510578513145447 -0.30901262164115906 0.0 0.169627845287323 0.2060084044933319 0.23605185747146606
0.7236073017120361 0.5257253050804138 -0.44721952080726624 0.24741047620773315 0.05243277549743652 0.21116600930690765
0.9510578513145447 0.30901262164115906 0.0 0.06614679098129272 0.11247193813323975 -0.31233346462249756
0.276388019323349 -0.8506492376327515 0.4472198486328125 -0.18727931380271912 -0.2515031099319458 -0.13488569855690002
0.0 -0.9999999403953552 0.0 0.24980299174785614 -0.1021532416343689 0.236053928732872
0.7236073017120361 -0.5257253050804138 -0.44721952080726624 0.12631970643997192 -0.21910083293914795 0.21116600930690765
0.5877856016159058 -0.8090167045593262 0.0 0.12482398748397827 -0.02019280195236206 -0.3123340904712677
-0.7236073017120361 -0.5257253050804138 0.44721952080726624 -0.29359734058380127 0.10424074530601501 -0.13488605618476868
-0.9510578513145447 -0.30901262164115906 0.0 -0.01995992660522461 -0.2691454589366913 0.23605351150035858
-0.276388019323349 -0.8506492376327515 -0.4472198486328125 -0.169343501329422 -0.18784284591674805 0.2111659198999405
-0.5877856016159058 -0.8090167045593262 0.0 0.019367873668670654 -0.12495368719100952 -0.31233423948287964
-0.7236073017120361 0.5257253050804138 0.44721952080726624 0.0109977126121521 0.3034842014312744 -0.13488543033599854
-0.5877856016159058 0.8090167045593262 0.0 -0.2621414065361023 -0.0641905665397644 0.23605351150035858
-0.8944262266159058 0.0 -0.44721561670303345 -0.22625946998596191 0.10300420969724655 0.21116375923156738
-0.9510578513145447 0.30901262164115906 0.0 -0.11757272481918335 -0.05702763795852661 -0.31233203411102295
0.276388019323349 0.8506492376327515 0.4472198486328125 0.2920297086238861 0.08332115411758423 -0.13488560914993286
0.5877856016159058 0.8090167045593262 0.0 -0.14205408096313477 0.22947537899017334 0.236053928732872
-0.276388019323349 0.8506492376327515 -0.4472198486328125 0.02658502757549286 0.25150394439697266 0.2111659198999405
0.0 0.9999999403953552 0.0 -0.08910869807004929 0.10215240716934204 -0.3123341500759125
0.8944262266159058 0.0 0.44721561670303345 0.011905014514923096 -0.27465546131134033 0.21754372119903564
0.6881893873214722 -0.49999693036079407 0.5257362127304077 0.2928183674812317 0.18435049057006836 -0.03815877437591553
0.276388019323349 -0.8506492376327515 0.4472198486328125 -0.25335198640823364 -0.08331805467605591 0.21754306554794312
-0.26286882162094116 -0.8090116381645203 0.5257376432418823 0.2643545866012573 -0.22947806119918823 -0.03815761208534241
-0.7236073017120361 -0.5257253050804138 0.44721952080726624 -0.15716439485549927 0.20724496245384216 0.21754255890846252
-0.8506478667259216 0.0 0.5257359147071838 -0.13308680057525635 -0.31848034262657166 -0.03815716505050659
-0.7236073017120361 0.5257253050804138 0.44721952080726624 0.1408538818359375 0.21909743547439575 0.21754315495491028
-0.26286882162094116 0.8090116381645203 0.5257376432418823 -0.34143519401550293 0.020196199417114258 -0.03815767168998718
0.276388019323349 0.8506492376327515 0.4472198486328125 0.2595840394496918 -0.06067699193954468 0.21754246950149536
0.6881893873214722 0.49999693036079407 0.5257362127304077 -0.08630377054214478 0.33096686005592346 -0.03815653920173645
0.0 0.0 1.0 -0.0026226143818348646 -0.31564465165138245 0.10793852806091309
0.16245555877685547 -0.49999526143074036 0.8506543636322021 0.02679397165775299 0.22534048557281494 0.2572835683822632
0.8944262266159058 0.0 0.44721561670303345 -0.042248308658599854 0.1079898253083229 0.32584893703460693
0.525729775428772 0.0 0.8506516814231873 0.32644814252853394 -0.1079898253083229 -0.07758724689483643
0.0 0.0 1.0 -0.2900538444519043 -0.10300379991531372 0.10793840885162354
-0.42532268166542053 -0.30901139974594116 0.8506541848182678 0.22677399218082428 0.05702802538871765 0.2572842240333557
0.0 0.0 1.0 -0.19854868948459625 0.2519833743572235 0.10793840885162354
-0.42532268166542053 0.30901139974594116 0.8506541848182678 0.13526883721351624 -0.20600759983062744 0.25728434324264526
0.0 0.0 1.0 0.18924953043460846 0.2746547758579254 0.10793805122375488
0.16245555877685547 0.49999526143074036 0.8506543636322021 -0.16507817804813385 -0.1843506097793579 0.2572840452194214
0.525729775428772 0.0 0.8506516814231873 -0.161236971616745 0.2746547758579254 0.20750349760055542
0.16245555877685547 0.49999526143074036 0.8506543636322021 0.31150341033935547 -0.16547992825508118 0.11216491460800171
0.525729775428772 0.0 0.8506516814231873 0.2577025294303894 0.27465546131134033 -0.051413655281066895
0.6881893873214722 0.49999693036079407 0.5257362127304077 -0.03898578882217407 -0.16548103094100952 0.328777015209198
0.16245555877685547 0.49999526143074036 0.8506543636322021 0.36565661430358887 0.001185685396194458 0.0038597583770751953
0.6881893873214722 0.49999693036079407 0.5257362127304077 -0.19019481539726257 0.1730906069278717 0.27350419759750366
0.16245555877685547 0.49999526143074036 0.8506543636322021 -0.30685240030288696 -0.0813467800617218 0.20750224590301514
-0.42532268166542053 0.30901139974594116 0.8506541848182678 0.24945500493049622 0.25799500942230225 0.11216628551483154
0.16245555877685547 0.49999526143074036 0.8506543636322021 -0.1773970127105713 0.317087322473526 -0.05141329765319824
-0.26286882162094116 0.8090116381645203 0.5257376432418823 0.14115241169929504 -0.07533848285675049 0.3287772536277771
-0.42532268166542053 0.30901139974594116 0.8506541848182678 0.10768020153045654 0.3610004186630249 0.0038607120513916016
-0.26286882162094116 0.8090116381645203 0.5257376432418823 -0.22045639157295227 -0.1364268660545349 0.27350324392318726
-0.42532268166542053 0.30901139974594116 0.8506541848182678 -0.006505370140075684 -0.30901139974594116 0.20750242471694946
-0.42532268166542053 -0.30901139974594116 0.8506541848182678 -0.17923370003700256 0.30901139974594116 0.11216557025909424
-0.42532268166542053 0.30901139974594116 0.8506541848182678 -0.3560207784175873 -0.06276904046535492 -0.051413893699645996
-0.8506478667259216 0.0 0.5257359147071838 0.10431641340255737 0.10300379991531372 0.3287777304649353
-0.42532268166542053 -0.30901139974594116 0.8506541848182678 -0.3210087716579437 0.20600759983062744 0.0038594603538513184
-0.8506478667259216 0.0 0.5257359147071838 0.06930434703826904 -0.24624235928058624 0.273504376411438
-0.42532268166542053 -0.30901139974594116 0.8506541848182678 0.28092584013938904 -0.10963708162307739 0.2075023055076599
0.16245555877685547 -0.49999526143074036 0.8506543636322021 -0.3383232355117798 -0.06701114773750305 0.11216610670089722
-0.42532268166542053 -0.30901139974594116 0.8506541848182678 -0.05800256133079529 -0.3635733723640442 -0.05141329765319824
-0.26286882162094116 -0.8090116381645203 0.5257376432418823 -0.05477365851402283 0.1389998197555542 0.3287772536277771
0.16245555877685547 -0.49999526143074036 0.8506543636322021 -0.2841719686985016 -0.23367789387702942 0.0038605332374572754
-0.26286882162094116 -0.8090116381645203 0.5257376432418823 0.24792736768722534 -0.008070945739746094 0.2735034227371216
0.16245555877685547 -0.49999526143074036 0.8506543636322021 0.2020372450351715 0.22534048557281494 0.20750081539154053
0.525729775428772 0.0 0.8506516814231873 -0.051770806312561035 -0.3345153331756592 0.1121675968170166
0.16245555877685547 -0.49999526143074036 0.8506543636322021 0.3355390727519989 -0.17309227585792542 -0.05141395330429077
0.6881893873214722 -0.49999693036079407 0.5257362127304077 -0.16007721424102783 -0.001184016466140747 0.32877790927886963
0.525729775428772 0.0 0.8506516814231873 0.12347382307052612 -0.33451589941978455 0.0038614869117736816
0.6881893873214722 -0.49999693036079407 0.5257362127304077 0.09524291753768921 0.22534146904945374 0.27350181341171265
0.9510578513145447 0.30901262164115906 0.0 0.04882705211639404 0.1096380352973938 0.3385055959224701
0.6881893873214722 0.49999693036079407 0.5257362127304077 0.2674804925918579 0.06701186299324036 -0.24033954739570618
0.9510578513145447 0.30901262164115906 0.0 -0.025313973426818848 0.36357590556144714 -0.08698033541440964
0.5877856016159058 0.8090167045593262 0.0 0.33441632986068726 -0.13900130987167358 0.11015123873949051
0.6881893873214722 0.49999693036079407 0.5257362127304077 0.14638978242874146 0.23367992043495178 -0.24033954739570618
0.5877856016159058 0.8090167045593262 0.0 0.11789923906326294 0.00806957483291626 0.3385063707828522
0.0 0.9999999403953552 0.0 -0.09064358472824097 0.08827322721481323 0.3385067284107208
-0.26286882162094116 0.8090116381645203 0.5257376432418823 0.01892465353012085 0.27509790658950806 -0.24033987522125244
0.0 0.9999999403953552 0.0 -0.35360217094421387 0.08827561140060425 -0.08698064088821411
-0.5877856016159058 0.8090167045593262 0.0 0.2355358600616455 0.27509450912475586 0.11015189439058304
-0.26286882162094116 0.8090116381645203 0.5257376432418823 -0.1770038902759552 0.21143680810928345 -0.24033987522125244
-0.5877856016159058 0.8090167045593262 0.0 0.028755545616149902 0.11462157964706421 0.338506817817688
-0.9510578513145447 0.30901262164115906 0.0 -0.10849374532699585 -0.062769815325737 0.3385055959224701
-0.8506478667259216 0.0 0.5257359147071838 -0.2474185824394226 0.10300420969724655 -0.24033871293067932
-0.9510578513145447 0.30901262164115906 0.0 -0.1885051131248474 -0.30901262164115906 -0.08697998523712158
-0.9510578513145447 -0.30901262164115906 0.0 -0.18047863245010376 0.30901262164115906 0.11015188694000244
-0.8506478667259216 0.0 0.5257359147071838 -0.2474185824394226 -0.10300420969724655 -0.24033871293067932
-0.9510578513145447 -0.30901262164115906 0.0 -0.10849374532699585 0.062769815325737 0.3385055959224701
-0.5877856016159058 -0.8090167045593262 0.0 0.028755486011505127 -0.11462157964706421 0.338506817817688
-0.26286882162094116 -0.8090116381645203 0.5257376432418823 -0.17700383067131042 -0.21143680810928345 -0.24033987522125244
-0.5877856016159058 -0.8090167045593262 0.0 0.2341834306716919 -0.2792588472366333 -0.08698064088821411
0.0 -0.9999999403953552 0.0 -0.35224974155426025 -0.0841112732887268 0.11015189439058304
-0.26286882162094116 -0.8090116381645203 0.5257376432418823 0.01892465353012085 -0.27509790658950806 -0.24033987522125244
0.0 -0.9999999403953552 0.0 -0.09064358472824097 -0.08827322721481323 0.3385067284107208
0.5877856016159058 -0.8090167045593262 0.0 0.11789923906326294 -0.008069515228271484 0.3385063707828522
0.6881893873214722 -0.49999693036079407 0.5257362127304077 0.14638978242874146 -0.23367992043495178 -0.24033954739570618
0.5877856016159058 -0.8090167045593262 0.0 0.33795827627182007 0.1364281177520752 -0.08698032051324844
0.9510578513145447 -0.30901262164115906 0.0 -0.02885591983795166 -0.36100277304649353 0.11015123873949051
0.6881893873214722 -0.49999693036079407 0.5257362127304077 0.2674804925918579 -0.06701186299324036 -0.24033954739570618
0.9510578513145447 -0.30901262164115906 0.0 0.04882705211639404 -0.10963800549507141 0.3385055959224701
0.5877856016159058 0.8090167045593262 0.0 -0.2341834306716919 0.2792588472366333 0.08698064088821411
0.0 0.9999999403953552 0.0 0.35224974155426025 0.0841112732887268 -0.11015190929174423
0.5877856016159058 0.8090167045593262 0.0 -0.028755545616149902 0.11462157964706421 -0.338506817817688
0.26286882162094116 0.8090116381645203 -0.5257376432418823 0.1770038902759552 0.21143680810928345 0.24033984541893005
0.0 0.9999999403953552 0.0 0.2439441680908203 0.0841096043586731 -0.28539779782295227
0.26286882162094116 0.8090116381645203 -0.5257376432418823 -0.1722252368927002 0.2792615294456482 0.1872309148311615
-0.5877856016159058 0.8090167045593262 0.0 -0.33795827627182007 -0.13642817735671997 0.08698032051324844
-0.9510578513145447 0.30901262164115906 0.0 0.02885591983795166 0.36100277304649353 -0.11015123873949051
-0.5877856016159058 0.8090167045593262 0.0 -0.11789923906326294 0.00806957483291626 -0.3385063707828522
-0.6881893873214722 0.49999693036079407 -0.5257362127304077 -0.14638978242874146 0.23367992043495178 0.24033954739570618
-0.9510578513145447 0.30901262164115906 0.0 -0.0046120285987854 0.25799617171287537 -0.28539666533470154
-0.6881893873214722 0.49999693036079407 -0.5257362127304077 -0.31169551610946655 -0.08134627342224121 0.18723061680793762
-0.9510578513145447 -0.30901262164115906 0.0 0.025313973426818848 -0.3635759651660919 0.08698033541440964
-0.5877856016159058 -0.8090167045593262 0.0 -0.33441632986068726 0.13900136947631836 -0.11015123873949051
-0.9510578513145447 -0.30901262164115906 0.0 -0.04882705211639404 -0.1096380352973938 -0.3385055959224701
-0.6881893873214722 -0.49999693036079407 -0.5257362127304077 -0.2674804925918579 -0.06701186299324036 0.24033954739570618
-0.5877856016159058 -0.8090167045593262 0.0 -0.24679356813430786 0.07533985376358032 -0.28539666533470154
-0.6881893873214722 -0.49999693036079407 -0.5257362127304077 -0.017495453357696533 -0.3170892894268036 0.18722984194755554
0.0 -0.9999999403953552 0.0 0.35360217094421387 -0.08827561140060425 0.08698064088821411
0.5877856016159058 -0.8090167045593262 0.0 -0.2355358600616455 -0.27509450912475586 -0.11015190929174423
0.0 -0.9999999403953552 0.0 0.09064358472824097 -0.08827322721481323 -0.3385067284107208
0.26286882162094116 -0.8090116381645203 -0.5257376432418823 -0.01892465353012085 -0.27509790658950806 0.24033984541893005
0.5877856016159058 -0.8090167045593262 0.0 -0.14791294932365417 -0.21143174171447754 -0.28539779782295227
0.26286882162094116 -0.8090116381645203 -0.5257376432418823 0.2961612939834595 -0.11462664604187012 0.18723082542419434
0.9510578513145447 -0.30901262164115906 0.0 0.1885051131248474 0.30901262164115906 0.08697998523712158
0.9510578513145447 0.30901262164115906 0.0 0.18047863245010376 -0.30901262164115906 -0.11015188694000244
0.9510578513145447 -0.30901262164115906 0.0 0.10849374532699585 0.062769815325737 -0.3385055959224701
0.8506478667259216 0.0 -0.5257359147071838 0.2474185824394226 -0.10300420969724655 0.24033871293067932
0.9510578513145447 0.30901262164115906 0.0 0.14700859785079956 -0.2060084044933319 -0.2853972017765045
0.8506478667259216 0.0 -0.5257359147071838 0.2089037299156189 0.24624280631542206 0.18723031878471375
0.42532268166542053 0.30901139974594116 -0.8506541848182678 0.0580025315284729 0.3635733723640442 0.05141329765319824
0.26286882162094116 0.8090116381645203 -0.5257376432418823 0.05477365851402283 -0.1389998197555542 -0.3287772536277771
0.42532268166542053 0.30901139974594116 -0.8506541848182678 -0.28092581033706665 0.109637051820755 -0.20750242471694946
-0.16245555877685547 0.49999526143074036 -0.8506544232368469 0.3383232355117798 0.06701108813285828 -0.11216604709625244
0.26286882162094116 0.8090116381645203 -0.5257376432418823 -0.14115241169929504 -0.07533854246139526 -0.32877737283706665
-0.16245555877685547 0.49999526143074036 -0.8506544232368469 0.1773970127105713 0.317087322473526 0.05141335725784302
-0.16245555877685547 0.49999526143074036 -0.8506544232368469 -0.3355390727519989 0.17309227585792542 0.051413893699645996
-0.6881893873214722 0.49999693036079407 -0.5257362127304077 0.16007715463638306 0.001184016466140747 -0.32877790927886963
-0.16245555877685547 0.49999526143074036 -0.8506544232368469 -0.2020372450351715 -0.22534048557281494 -0.2075008749961853
-0.525729775428772 0.0 -0.8506516814231873 0.05177077651023865 0.3345153331756592 -0.1121675968170166
-0.6881893873214722 0.49999693036079407 -0.5257362127304077 0.03898578882217407 -0.16548103094100952 -0.328777015209198
-0.525729775428772 0.0 -0.8506516814231873 -0.2577025294303894 0.27465546131134033 0.051413655281066895
-0.525729775428772 0.0 -0.8506516814231873 -0.2577025294303894 -0.27465546131134033 0.051413655281066895
-0.6881893873214722 -0.49999693036079407 -0.5257362127304077 0.03898578882217407 0.16548103094100952 -0.3287769556045532
-0.525729775428772 0.0 -0.8506516814231873 0.161236971616745 -0.2746547758579254 -0.20750349760055542
-0.16245555877685547 -0.49999526143074036 -0.8506544232368469 -0.31150341033935547 0.16547992825508118 -0.11216491460800171
-0.6881893873214722 -0.49999693036079407 -0.5257362127304077 0.16007721424102783 -0.001184016466140747 -0.32877790927886963
-0.16245555877685547 -0.49999526143074036 -0.8506544232368469 -0.3355390727519989 -0.17309227585792542 0.05141401290893555
0.8506478667259216 0.0 -0.5257359147071838 -0.06930440664291382 0.24624235928058624 -0.273504376411438
0.42532268166542053 0.30901139974594116 -0.8506541848182678 0.3210087716579437 -0.20600759983062744 -0.0038594603538513184
0.8506478667259216 0.0 -0.5257359147071838 -0.06930434703826904 -0.24624235928058624 -0.273504376411438
0.42532268166542053 -0.30901139974594116 -0.8506541848182678 0.3210087716579437 0.20600759983062744 -0.0038594603538513184
0.42532268166542053 0.30901139974594116 -0.8506541848182678 0.17923370003700256 -0.30901139974594116 -0.11216557025909424
0.42532268166542053 -0.30901139974594116 -0.8506541848182678 0.006505370140075684 0.30901139974594116 -0.20750242471694946
-0.16245555877685547 -0.49999526143074036 -0.8506544232368469 0.1773970127105713 -0.317087322473526 0.05141329765319824
0.26286882162094116 -0.8090116381645203 -0.5257376432418823 -0.14115241169929504 0.07533848285675049 -0.3287772536277771
-0.16245555877685547 -0.49999526143074036 -0.8506544232368469 0.30685240030288696 0.0813467800617218 -0.20750218629837036
0.42532268166542053 -0.30901139974594116 -0.8506541848182678 -0.24945499002933502 -0.25799500942230225 -0.11216628551483154
0.26286882162094116 -0.8090116381645203 -0.5257376432418823 0.05477365851402283 0.1389998197555542 -0.3287772536277771
0.42532268166542053 -0.30901139974594116 -0.8506541848182678 0.05800256133079529 -0.3635733723640442 0.05141329765319824
0.170323446393013 -0.446938693523407 -1.4731611013412476 0.02822527289390564 0.19495531916618347 0.365222692489624
0.0 0.0 -1.0 0.0026226292829960585 -0.31564465165138245 -0.10793852806091309
1.0680599212646484 -0.42971569299697876 -1.0213308334350586 -0.3290632367134094 0.008231550455093384 0.24826264381408691
0.7236073017120361 -0.5257253050804138 -0.44721952080726624 0.15716439485549927 0.20724496245384216 -0.21754255890846252
-0.4052930474281311 -0.3239690363407135 -1.473159670829773 0.21604351699352264 0.049314260482788086 0.36522161960601807
0.0 0.0 -1.0 -0.310340940952301 -0.10798967629671097 -0.10793721675872803
-0.4052930474281311 0.3239690363407135 -1.473159670829773 0.09495210647583008 -0.21597936749458313 0.3652225732803345
0.0 0.0 -1.0 -0.18924953043460846 0.2746547758579254 -0.10793805122375488
0.170323446393013 0.446938693523407 -1.4731611013412476 -0.16770081222057343 -0.13129404187202454 0.3652225732803345
0.0 0.0 -1.0 0.19854871928691864 0.2519833743572235 -0.10793840885162354
1.3769488334655762 -0.42971575260162354 -0.48978090286254883 -0.3932141661643982 0.11123540997505188 0.002202153205871582
0.7236073017120361 -0.5257253050804138 -0.44721952080726624 0.29359734058380127 0.10424074530601501 0.13488605618476868
0.009061925113201141 -1.4558079242706299 -0.4897826015949249 -0.010547679848968983 0.4173182249069214 0.0022025704383850098
-0.276388019323349 -0.8506492376327515 -0.4472198486328125 0.18727931380271912 -0.2515031099319458 0.13488569855690002
-1.3604073524475098 -0.44694244861602783 -0.4897805154323578 0.3793995976448059 0.13129600882530212 0.0022030770778656006
-0.8944262266159058 0.0 -0.44721561670303345 -0.17420434951782227 -0.2519850432872772 0.1348835825920105
-0.8410793542861938 1.1422451734542847 -0.4897828698158264 0.23919373750686646 -0.31128138303756714 0.0022031962871551514
-0.276388019323349 0.8506492376327515 -0.4472198486328125 -0.29202964901924133 0.08332115411758423 0.13488560914993286
0.8264358043670654 1.1528863906860352 -0.48978278040885925 -0.22213178873062134 -0.32367855310440063 0.0022028088569641113
0.7236073017120361 0.5257253050804138 -0.44721952080726624 -0.0109977126121521 0.3034842014312744 0.13488543033599854
1.238388180732727 -0.8997363448143005 -0.2609409689903259 -0.26737040281295776 0.3215782642364502 0.024887457489967346
0.7236073017120361 -0.5257253050804138 -0.44721952080726624 0.12631970643997192 -0.21910083293914795 0.21116600930690765
-0.4730209410190582 -1.4558101892471313 -0.26094192266464233 0.2232179492712021 0.3536570072174072 0.024887993931770325
-0.276388019323349 -0.8506492376327515 -0.4472198486328125 -0.169343501329422 -0.18784284591674805 0.2111659198999405
-1.5165729522705078 0.0 -0.26093995571136475 0.39588725566864014 -0.10300420969724655 0.02488809823989868
-0.8944262266159058 0.0 -0.44721561670303345 -0.22625946998596191 0.10300420969724655 0.21116375923156738
-0.4730209410190582 1.4558101892471313 -0.26094192266464233 0.02728942036628723 -0.41731810569763184 0.024887993931770325
-0.276388019323349 0.8506492376327515 -0.4472198486328125 0.02658502757549286 0.25150394439697266 0.2111659198999405
1.238388180732727 0.8997363448143005 -0.2609409987926483 -0.388461172580719 -0.15491020679473877 0.024887487292289734
0.7236073017120361 0.5257253050804138 -0.44721952080726624 0.24741047620773315 0.05243277549743652 0.21116600930690765
0.6433389186859131 -1.019270420074463 1.0213308334350586 -0.10736680030822754 0.22929829359054565 -0.35656851530075073
0.276388019323349 -0.8506492376327515 0.4472198486328125 0.08433949947357178 0.06067758798599243 0.3258485198020935
-0.7617841958999634 -0.8997312188148499 1.0213309526443481 0.17903077602386475 0.15490847826004028 -0.35656827688217163
-0.7236073017120361 -0.5257253050804138 0.44721952080726624 0.08670258522033691 -0.052430689334869385 0.32584866881370544
-1.0680599212646484 0.42971569299697876 1.0213308334350586 0.18728822469711304 -0.1112353503704071 -0.35656875371932983
-0.7236073017120361 0.5257253050804138 0.44721952080726624 -0.01538938283920288 -0.10424116253852844 0.32584866881370544
0.055588897317647934 1.1422408819198608 1.0213313102722168 -0.03255286440253258 -0.20827358961105347 -0.3565683960914612
0.276388019323349 0.8506492376327515 0.4472198486328125 -0.11157719790935516 -0.0196874737739563 0.32584863901138306
1.1363778114318848 0.3239694833755493 1.0213261842727661 -0.23004668951034546 -0.049314022064208984 -0.356566846370697
0.8944262266159058 0.0 0.44721561670303345 -0.042248308658599854 0.1079898253083229 0.32584893703460693
0.4052930474281311 0.32396912574768066 1.473159670829773 -0.040800243616104126 -0.04931434988975525 -0.4150044918060303
0.525729775428772 0.0 0.8506516814231873 -0.21538883447647095 0.10798970609903336 0.2572854161262512
0.7336916327476501 0.5035507082939148 1.1871517896652222 -0.08448803424835205 -0.16903480887413025 -0.33263856172561646
0.525729775428772 0.0 0.8506516814231873 -0.051770806312561035 0.3345153331756592 0.1121675968170166
0.6433388590812683 1.019270420074463 1.0213308334350586 -0.10736680030822754 -0.2292981743812561 -0.35656851530075073
0.6881893873214722 0.49999693036079407 0.5257362127304077 -0.19019481539726257 0.1730906069278717 0.27350419759750366
-0.17032340168952942 0.44693875312805176 1.4731611013412476 0.025926560163497925 -0.028290271759033203 -0.4150044918060303
0.16245555877685547 0.49999526143074036 0.8506543636322021 -0.16507817804813385 -0.1843506097793579 0.2572840452194214
-0.2647359371185303 0.8920125365257263 1.1871528625488281 0.14301952719688416 -0.15833938121795654 -0.3326379656791687
0.16245555877685547 0.49999526143074036 0.8506543636322021 -0.3383232355117798 0.06701114773750305 0.11216610670089722
-0.7617841958999634 0.8997312188148499 1.0213309526443481 0.17903077602386475 -0.15490847826004028 -0.35656827688217163
-0.26286882162094116 0.8090116381645203 0.5257376432418823 -0.22045639157295227 -0.1364268660545349 0.27350324392318726
-0.44483888149261475 0.0 1.4731613397598267 0.01301082968711853 0.0 -0.4150047302246094
-0.42532268166542053 0.30901139974594116 0.8506541848182678 0.13526883721351624 -0.20600759983062744 0.25728434324264526
-0.963023841381073 0.0 1.1871508359909058 0.21669238805770874 0.10300379991531372 -0.3326371908187866
-0.42532268166542053 0.30901139974594116 0.8506541848182678 -0.17923370003700256 -0.30901139974594116 0.11216557025909424
-1.0680599212646484 -0.42971569299697876 1.0213308334350586 0.18728822469711304 0.1112353503704071 -0.35656875371932983
-0.8506478667259216 0.0 0.5257359147071838 0.06930434703826904 -0.24624235928058624 0.273504376411438
-0.17032340168952942 -0.446938693523407 1.4731611013412476 0.025926560163497925 0.028290212154388428 -0.4150046110153198
-0.42532268166542053 -0.30901139974594116 0.8506541848182678 0.22677399218082428 0.05702802538871765 0.2572842240333557
-0.2647359371185303 -0.8920125365257263 1.1871528625488281 -0.052906543016433716 0.22200071811676025 -0.3326379656791687
-0.42532268166542053 -0.30901139974594116 0.8506541848182678 0.24945500493049622 -0.25799500942230225 0.11216628551483154
0.055588897317647934 -1.1422408819198608 1.0213313102722168 -0.03255286440253258 0.20827358961105347 -0.3565683960914612
-0.26286882162094116 -0.8090116381645203 0.5257376432418823 0.24792736768722534 -0.008070945739746094 0.2735034227371216
0.4052930474281311 -0.32396912574768066 1.473159670829773 -0.040800243616104126 0.04931434988975525 -0.4150044918060303
0.16245555877685547 -0.49999526143074036 0.8506543636322021 0.02679397165775299 0.22534048557281494 0.2572835683822632
0.7336916327476501 -0.5035507082939148 1.1871517896652222 -0.2055794596672058 0.0023697614669799805 -0.3326376676559448
0.16245555877685547 -0.49999526143074036 0.8506543636322021 0.31150341033935547 0.16547992825508118 0.11216491460800171
1.1363778114318848 -0.3239694833755493 1.0213261842727661 -0.2300465703010559 0.049314022064208984 -0.356566846370697
0.6881893873214722 -0.49999693036079407 0.5257362127304077 0.09524291753768921 0.22534146904945374 0.27350181341171265
1.3604073524475098 0.44694244861602783 0.4897805154323578 -0.36052244901657104 -0.028291791677474976 -0.1512749195098877
0.9510578513145447 0.30901262164115906 0.0 0.11757272481918335 -0.057027578353881836 0.31233203411102295
1.2277623414993286 0.8920168876647949 0.3304537236690521 -0.3055604100227356 -0.22200149297714233 -0.2203024923801422
0.9510578513145447 0.30901262164115906 0.0 0.0046120285987854 0.25799617171287537 0.28539666533470154
0.8410794734954834 1.1422451734542847 0.4897828698158264 -0.2726617455482483 -0.20827478170394897 -0.17744863033294678
0.5877856016159058 0.8090167045593262 0.0 0.11789923906326294 0.00806957483291626 0.3385063707828522
-0.009061925113201141 1.4558079242706299 0.4897826015949249 -0.08158165961503983 -0.3675347566604614 -0.1512758731842041
0.0 0.9999999403953552 0.0 0.08910869807004929 0.10215240716934204 0.3123341500759125
-0.4689636528491974 1.44331693649292 0.3304556906223297 0.11671391129493713 -0.3592057228088379 -0.22030380368232727
0.0 0.9999999403953552 0.0 -0.2439441680908203 0.0841096043586731 0.2853977680206299
-0.8264358043670654 1.1528863906860352 0.48978281021118164 0.1138262152671814 -0.3236768841743469 -0.17744871973991394
-0.5877856016159058 0.8090167045593262 0.0 0.028755545616149902 0.11462157964706421 0.338506817817688
-1.3769488334655762 0.42971575260162354 0.48978090286254883 0.31739723682403564 -0.18347294628620148 -0.15127530694007874
-0.9510578513145447 0.30901262164115906 0.0 -0.06614679098129272 0.11247193813323975 0.31233346462249756
-1.492493748664856 0.0 0.3304556608200073 0.3609572649002075 0.0 -0.22030377388000488
-0.9510578513145447 0.30901262164115906 0.0 -0.14700859785079956 -0.2060084044933319 0.2853972017765045
-1.3769488334655762 -0.42971575260162354 0.48978090286254883 0.35974419116973877 0.008231192827224731 -0.17744743824005127
-0.9510578513145447 -0.30901262164115906 0.0 -0.10849374532699585 0.062769815325737 0.3385055959224701
-0.8264358043670654 -1.1528863906860352 0.48978278040885925 0.2674056887626648 0.22924810647964478 -0.15127596259117126
-0.5877856016159058 -0.8090167045593262 0.0 -0.12482398748397827 -0.02019280195236206 0.3123340904712677
-0.4689636528491974 -1.44331693649292 0.3304556906223297 0.11671391129493713 0.3592057228088379 -0.22030380368232727
-0.5877856016159058 -0.8090167045593262 0.0 0.14791294932365417 -0.21143174171447754 0.2853977680206299
-0.009061925113201141 -1.4558079242706299 0.4897826015949249 0.09817062318325043 0.3536555767059326 -0.17744845151901245
0.0 -0.9999999403953552 0.0 -0.09064358472824097 -0.08827322721481323 0.3385067284107208
0.8410793542861938 -1.1422451734542847 0.4897828698158264 -0.13539451360702515 0.325158953666687 -0.15127649903297424
0.5877856016159058 -0.8090167045593262 0.0 -0.01936793327331543 -0.12495368719100952 0.31233423948287964
1.2277623414993286 -0.8920168876647949 0.3304537236690521 -0.3055604100227356 0.22200149297714233 -0.2203024923801422
0.5877856016159058 -0.8090167045593262 0.0 0.24679356813430786 0.07533985376358032 0.28539666533470154
1.3604073524475098 -0.44694238901138306 0.4897805154323578 -0.29177677631378174 0.1949574053287506 -0.17744848132133484
0.9510578513145447 -0.30901262164115906 0.0 0.04882705211639404 -0.10963800549507141 0.3385055959224701
0.4730209410190582 1.4558101892471313 0.26094192266464233 -0.11941877007484436 -0.3675346374511719 -0.17396128177642822
0.5877856016159058 0.8090167045593262 0.0 -0.14205408096313477 0.22947537899017334 0.236053928732872
0.4689636528491974 1.44331693649292 -0.3304557204246521 -0.029090940952301025 -0.4228684902191162 0.04505792260169983
0.5877856016159058 0.8090167045593262 0.0 -0.2355358600616455 0.27509450912475586 -0.11015190929174423
0.009061925113201141 1.4558079242706299 -0.4897826015949249 -0.010547679848968983 -0.41731834411621094 0.0022025704383850098
0.26286882162094116 0.8090116381645203 -0.5257376432418823 -0.1722252368927002 0.2792615294456482 0.1872309148311615
-1.238388180732727 0.8997363448143005 0.2609409689903259 0.3126443028450012 -0.22714781761169434 -0.17396065592765808
-0.5877856016159058 0.8090167045593262 0.0 -0.2621414065361023 -0.0641905665397644 0.23605351150035858
-1.2277623414993286 0.8920168280601501 -0.3304537236690521 0.393183171749115 -0.1583399772644043 0.045057058334350586
-0.5877856016159058 0.8090167045593262 0.0 -0.33441632986068726 -0.13900130987167358 -0.11015123873949051
-1.3604073524475098 0.44694238901138306 -0.4897805154323578 0.3793995976448059 -0.13129594922065735 0.0022030770778656006
-0.6881893873214722 0.49999693036079407 -0.5257362127304077 -0.31169551610946655 -0.08134627342224121 0.18723061680793762
-1.238388180732727 -0.8997363448143005 0.2609409987926483 0.3126443028450012 0.22714775800704956 -0.17396065592765808
-0.9510578513145447 -0.30901262164115906 0.0 -0.01995992660522461 -0.2691454589366913 0.23605351150035858
-1.2277623414993286 -0.8920168280601501 -0.3304537236690521 0.27209246158599854 0.3250080347061157 0.045057058334350586
-0.9510578513145447 -0.30901262164115906 0.0 0.02885591983795166 -0.36100271344184875 -0.11015123873949051
-0.8410794734954834 -1.1422451734542847 -0.4897828698158264 0.239193856716156 0.31128138303756714 0.0022031962871551514
-0.6881893873214722 -0.49999693036079407 -0.5257362127304077 -0.017495453357696533 -0.3170892894268036 0.18722984194755554
0.4730209410190582 -1.4558101892471313 0.26094192266464233 -0.11941877007484436 0.3675346374511719 -0.17396128177642822
0.0 -0.9999999403953552 0.0 0.24980299174785614 -0.1021532416343689 0.236053928732872
0.4689636528491974 -1.44331693649292 -0.3304557204246521 -0.22501948475837708 0.3592073917388916 0.04505792260169983
0.0 -0.9999999403953552 0.0 0.35224974155426025 -0.0841112732887268 -0.11015190929174423
0.8264358043670654 -1.1528863906860352 -0.48978281021118164 -0.22213178873062134 0.32367855310440063 0.002202838659286499
0.26286882162094116 -0.8090116381645203 -0.5257376432418823 0.2961612939834595 -0.11462664604187012 0.18723082542419434
1.5165729522705078 0.0 0.26093995571136475 -0.3770099878311157 0.0 -0.17395997047424316
0.9510578513145447 -0.30901262164115906 0.0 0.169627845287323 0.2060084044933319 0.23605185747146606
1.492493748664856 0.0 -0.3304556608200073 -0.3944272994995117 -0.10300420969724655 0.04505845904350281
0.9510578513145447 -0.30901262164115906 0.0 0.18047863245010376 0.30901262164115906 -0.11015188694000244
1.3769488334655762 0.42971575260162354 -0.48978090286254883 -0.3932141661643982 -0.11123540997505188 0.0022021234035491943
0.8506478667259216 0.0 -0.5257359147071838 0.2089037299156189 0.24624280631542206 0.18723031878471375
0.7617841958999634 0.8997312188148499 -1.0213309526443481 -0.27845898270606995 -0.2271464467048645 0.22209006547927856
0.42532268166542053 0.30901139974594116 -0.8506541848182678 0.2115820348262787 0.26914459466934204 0.07758593559265137
0.26473596692085266 0.8920124769210815 -1.1871528625488281 -0.08886827528476715 -0.3250061273574829 0.22433239221572876
0.42532268166542053 0.30901139974594116 -0.8506541848182678 -0.10768020153045654 0.3610004186630249 -0.0038607120513916016
-0.055588893592357635 1.1422408819198608 -1.0213313102722168 -0.1092219278216362 -0.3112791180610657 0.24826282262802124
-0.16245555877685547 0.49999526143074036 -0.8506544232368469 0.1773970127105713 0.317087322473526 0.05141335725784302
-0.6433389186859131 1.019270420074463 -1.0213308334350586 0.14534428715705872 -0.3461828827857971 0.22209030389785767
-0.16245555877685547 0.49999526143074036 -0.8506544232368469 -0.1982719600200653 0.2899763882160187 0.07758605480194092
-0.7336916923522949 0.5035507082939148 -1.1871517896652222 0.2597326934337616 -0.16903537511825562 0.2243325114250183
-0.16245555877685547 0.49999526143074036 -0.8506544232368469 -0.36565667390823364 0.001185685396194458 -0.00385969877243042
-1.1363778114318848 0.3239694833755493 -1.0213261842727661 0.28419989347457886 -0.215979665517807 0.24826163053512573
-0.525729775428772 0.0 -0.8506516814231873 -0.2577025294303894 0.27465546131134033 0.051413655281066895
-1.1363778114318848 -0.3239694833755493 -1.0213261842727661 0.3529455065727234 0.049314022064208984 0.22208815813064575
-0.525729775428772 0.0 -0.8506516814231873 -0.32644814252853394 -0.1079898253083229 0.07758724689483643
-0.7336916327476501 -0.5035507082939148 -1.1871517896652222 0.2597326636314392 0.16903537511825562 0.22433245182037354
-0.525729775428772 0.0 -0.8506516814231873 -0.12347382307052612 -0.33451589941978455 -0.0038614869117736816
-0.6433389186859131 -1.019270420074463 -1.0213308334350586 0.2826113998889923 0.22929877042770386 0.2482624650001526
-0.16245555877685547 -0.49999526143074036 -0.8506544232368469 -0.3355390727519989 -0.17309227585792542 0.05141401290893555
1.0680599212646484 0.42971569299697876 -1.0213308334350586 -0.2867164611816406 -0.18347333371639252 0.22209054231643677
0.8506478667259216 0.0 -0.5257359147071838 0.03012382984161377 0.31848034262657166 -0.13902616500854492
0.963023841381073 0.0 -1.1871508359909058 -0.21669238805770874 -0.10300379991531372 0.3326371908187866
0.8506478667259216 0.0 -0.5257359147071838 -0.10431641340255737 0.10300379991531372 -0.3287777304649353
0.44483888149261475 0.0 -1.4731613397598267 -0.15478503704071045 -0.10300379991531372 0.3652229309082031
0.42532268166542053 -0.30901139974594116 -0.8506541848182678 0.006505370140075684 0.30901139974594116 -0.20750242471694946
-0.055588893592357635 -1.1422408819198608 -1.0213313102722168 0.07053034752607346 0.3251582980155945 0.22209018468856812
-0.16245555877685547 -0.49999526143074036 -0.8506544232368469 -0.0023552626371383667 -0.3309665024280548 0.07758593559265137
0.26473596692085266 -0.8920125365257263 -1.1871528625488281 -0.08886827528476715 0.3250061273574829 0.22433239221572876
-0.16245555877685547 -0.49999526143074036 -0.8506544232368469 0.2841719686985016 -0.23367789387702942 -0.0038604736328125
0.7617841958999634 -0.8997312188148499 -1.0213309526443481 -0.12487947940826416 0.32157522439956665 0.24826276302337646
0.42532268166542053 -0.30901139974594116 -0.8506541848182678 0.05800256133079529 -0.3635733723640442 0.05141329765319824
0.42532268166542053 -0.30901139974594116 -0.8506541848182678 -0.2267739623785019 0.05702802538871765 -0.2572842240333557
0.170323446393013 -0.446938693523407 -1.4731611013412476 -0.025926589965820312 0.028290212154388428 0.4150044918060303
-0.16245555877685547 -0.49999526143074036 -0.8506544232368469 0.30685240030288696 0.0813467800617218 -0.20750218629837036
0.170323446393013 -0.446938693523407 -1.4731611013412476 -0.16770081222057343 0.13129404187202454 0.3652225732803345
0.42532268166542053 -0.30901139974594116 -0.8506541848182678 0.3136740028858185 -0.11247274279594421 0.07758599519729614
1.0680599212646484 -0.42971569299697876 -1.0213308334350586 -0.28671640157699585 0.18347333371639252 0.22209054231643677
0.8506478667259216 0.0 -0.5257359147071838 -0.06930434703826904 -0.24624235928058624 -0.273504376411438
1.0680599212646484 -0.42971569299697876 -1.0213308334350586 -0.18728822469711304 0.1112353503704071 0.35656875371932983
-0.16245555877685547 -0.49999526143074036 -0.8506544232368469 -0.02679397165775299 0.22534048557281494 -0.25728362798690796
-0.4052930474281311 -0.3239690363407135 -1.473159670829773 0.040800243616104126 0.049314260482788086 0.4150044918060303
-0.525729775428772 0.0 -0.8506516814231873 0.161236971616745 -0.2746547758579254 -0.20750349760055542
-0.4052930474281311 -0.3239690363407135 -1.473159670829773 0.09495210647583008 0.21597936749458313 0.3652224540710449
-0.525729775428772 0.0 -0.8506516814231873 0.21538883447647095 0.10798967629671097 -0.2572854161262512
-0.4052930474281311 0.3239690363407135 -1.473159670829773 0.040800243616104126 -0.049314260482788086 0.4150043725967407
-0.16245555877685547 0.49999526143074036 -0.8506544232368469 -0.2020372450351715 -0.22534048557281494 -0.2075008749961853
-0.4052930474281311 0.3239690363407135 -1.473159670829773 0.21604351699352264 -0.049314260482788086 0.36522161960601807
-0.16245555877685547 0.49999526143074036 -0.8506544232368469 0.16507819294929504 -0.1843506097793579 -0.25728410482406616
0.170323446393013 0.446938693523407 -1.4731611013412476 -0.025926589965820312 -0.028290241956710815 0.4150044918060303
0.42532268166542053 0.30901139974594116 -0.8506541848182678 -0.28092581033706665 0.109637051820755 -0.20750242471694946
0.170323446393013 0.446938693523407 -1.4731611013412476 0.02822527289390564 -0.19495531916618347 0.365222692489624
0.8506478667259216 0.0 -0.5257359147071838 0.13308680057525635 -0.31848034262657166 0.03815716505050659
1.3769488334655762 -0.42971575260162354 -0.48978090286254883 -0.31739723682403564 0.18347294628620148 0.15127530694007874
0.9510578513145447 -0.30901262164115906 0.0 0.10849374532699585 0.062769815325737 -0.3385055959224701
1.3769488334655762 -0.42971575260162354 -0.48978090286254883 -0.35974419116973877 0.008231192827224731 0.17744743824005127
0.26286882162094116 -0.8090116381645203 -0.5257376432418823 -0.2643545866012573 -0.22947806119918823 0.03815761208534241
0.009061925113201141 -1.4558079242706299 -0.4897826015949249 0.08158165961503983 0.3675347566604614 0.1512758731842041
0.0 -0.9999999403953552 0.0 0.09064358472824097 -0.08827322721481323 -0.3385067284107208
0.009061925113201141 -1.4558079242706299 -0.4897826015949249 -0.09817062318325043 0.3536555767059326 0.17744845151901245
-0.6881893873214722 -0.49999693036079407 -0.5257362127304077 -0.2928183674812317 0.18435049057006836 0.03815877437591553
-1.3604073524475098 -0.44694244861602783 -0.4897805154323578 0.36052244901657104 0.028291791677474976 0.1512749195098877
-0.9510578513145447 -0.30901262164115906 0.0 -0.04882705211639404 -0.1096380352973938 -0.3385055959224701
-1.3604073524475098 -0.44694244861602783 -0.4897805154323578 0.29177677631378174 0.1949574053287506 0.17744848132133484
-0.6881893873214722 0.49999693036079407 -0.5257362127304077 0.08630377054214478 0.33096686005592346 0.03815653920173645
-0.8410793542861938 1.1422451734542847 -0.4897828698158264 0.13539451360702515 -0.32515889406204224 0.15127649903297424
-0.5877856016159058 0.8090167045593262 0.0 -0.11789923906326294 0.00806957483291626 -0.3385063707828522
-0.8410793542861938 1.1422451734542847 -0.4897828698158264 0.2726616859436035 -0.20827478170394897 0.17744863033294678
0.26286882162094116 0.8090116381645203 -0.5257376432418823 0.34143519401550293 0.020196199417114258 0.03815767168998718
0.8264358043670654 1.1528863906860352 -0.48978278040885925 -0.26740574836730957 -0.22924810647964478 0.15127596259117126
0.5877856016159058 0.8090167045593262 0.0 -0.028755545616149902 0.11462157964706421 -0.338506817817688
0.8264358043670654 1.1528863906860352 -0.48978278040885925 -0.1138262152671814 -0.3236768841743469 0.17744868993759155
0.9510578513145447 -0.30901262164115906 0.0 0.01995992660522461 -0.2691454589366913 -0.23605351150035858
1.238388180732727 -0.8997363448143005 -0.2609409689903259 -0.3126443028450012 0.22714775800704956 0.17396065592765808
0.5877856016159058 -0.8090167045593262 0.0 0.33795827627182007 0.1364281177520752 -0.08698032051324844
1.238388180732727 -0.8997363448143005 -0.2609409689903259 -0.388461172580719 0.15491020679473877 0.024887457489967346
0.0 -0.9999999403953552 0.0 -0.24980299174785614 -0.1021532416343689 -0.236053928732872
-0.4730209410190582 -1.4558101892471313 -0.26094192266464233 0.11941877007484436 0.3675346374511719 0.17396128177642822
-0.5877856016159058 -0.8090167045593262 0.0 0.2341834306716919 -0.2792588472366333 -0.08698064088821411
-0.4730209410190582 -1.4558101892471313 -0.26094192266464233 0.02728942036628723 0.41731810569763184 0.024887993931770325
-0.9510578513145447 -0.30901262164115906 0.0 -0.169627845287323 0.2060084044933319 -0.23605185747146606
-1.5165729522705078 0.0 -0.26093995571136475 0.3770099878311157 0.0 0.17395997047424316
-0.9510578513145447 0.30901262164115906 0.0 -0.1885051131248474 -0.30901262164115906 -0.08697998523712158
-1.5165729522705078 0.0 -0.26093995571136475 0.39588725566864014 0.10300420969724655 0.02488809823989868
-0.5877856016159058 0.8090167045593262 0.0 0.14205408096313477 0.22947537899017334 -0.236053928732872
-0.4730209410190582 1.4558101892471313 -0.26094192266464233 0.11941877007484436 -0.3675346374511719 0.17396128177642822
0.0 0.9999999403953552 0.0 -0.35360217094421387 0.08827561140060425 -0.08698064088821411
-0.4730209410190582 1.4558101892471313 -0.26094192266464233 0.2232179492712021 -0.3536570072174072 0.024887993931770325
0.5877856016159058 0.8090167045593262 0.0 0.2621414065361023 -0.0641905665397644 -0.23605351150035858
1.238388180732727 0.8997363448143005 -0.2609409987926483 -0.3126443028450012 -0.22714781761169434 0.17396065592765808
0.9510578513145447 0.30901262164115906 0.0 -0.025313973426818848 0.36357590556144714 -0.08698033541440964
1.238388180732727 0.8997363448143005 -0.2609409987926483 -0.26737040281295776 -0.3215782642364502 0.024887487292289734
0.6881893873214722 -0.49999693036079407 0.5257362127304077 -0.15221726894378662 -0.28997519612312317 0.13902610540390015
0.6433389186859131 -1.019270420074463 1.0213308334350586 -0.14534428715705872 0.3461828827857971 -0.22209042310714722
0.16245555877685547 -0.49999526143074036 0.8506543636322021 0.3355390727519989 -0.17309227585792542 -0.05141395330429077
0.6433389186859131 -1.019270420074463 1.0213308334350586 -0.2826113998889923 0.22929877042770386 -0.2482624650001526
-0.26286882162094116 -0.8090116381645203 0.5257376432418823 -0.31988459825515747 0.0641888976097107 0.1390250325202942
-0.7617841958999634 -0.8997312188148499 1.0213309526443481 0.27845895290374756 0.2271464467048645 -0.22209006547927856
-0.42532268166542053 -0.30901139974594116 0.8506541848182678 -0.05800256133079529 -0.3635733723640442 -0.05141329765319824
-0.7617841958999634 -0.8997312188148499 1.0213309526443481 0.12487947940826416 0.32157522439956665 -0.24826276302337646
-0.8506478667259216 0.0 0.5257359147071838 -0.03012382984161377 0.31848034262657166 0.13902616500854492
-1.0680599212646484 0.42971569299697876 1.0213308334350586 0.2867164611816406 -0.18347333371639252 -0.22209054231643677
-0.42532268166542053 0.30901139974594116 0.8506541848182678 -0.3560207784175873 -0.06276904046535492 -0.051413893699645996
-1.0680599212646484 0.42971569299697876 1.0213308334350586 0.3290632367134094 -0.008231550455093384 -0.24826264381408691
-0.26286882162094116 0.8090116381645203 0.5257376432418823 0.2859048545360565 0.12495565414428711 0.1390252709388733
0.055588897317647934 1.1422408819198608 1.0213313102722168 -0.07053035497665405 -0.3251582980155945 -0.2220902442932129
0.16245555877685547 0.49999526143074036 0.8506543636322021 -0.1773970127105713 0.317087322473526 -0.05141329765319824
0.055588897317647934 1.1422408819198608 1.0213313102722168 0.1092219203710556 -0.3112791180610657 -0.24826282262802124
0.6881893873214722 0.49999693036079407 0.5257362127304077 0.21814173460006714 -0.22534146904945374 0.13902312517166138
1.1363778114318848 0.3239694833755493 1.0213261842727661 -0.3529455065727234 -0.049314022064208984 -0.22208815813064575
0.525729775428772 0.0 0.8506516814231873 0.2577025294303894 0.27465546131134033 -0.051413655281066895
1.1363778114318848 0.3239694833755493 1.0213261842727661 -0.28419989347457886 -0.215979665517807 -0.24826163053512573
0.16245555877685547 0.49999526143074036 0.8506543636322021 0.2020372450351715 -0.22534048557281494 0.20750081539154053
0.4052930474281311 0.32396912574768066 1.473159670829773 -0.21604351699352264 -0.04931434988975525 -0.36522161960601807
0.0 0.0 1.0 0.18924953043460846 0.2746547758579254 0.10793805122375488
0.4052930474281311 0.32396912574768066 1.473159670829773 -0.09495210647583008 -0.2159794270992279 -0.3652225732803345
0.6881893873214722 0.49999693036079407 0.5257362127304077 -0.03898578882217407 -0.16548103094100952 0.328777015209198
0.7336916327476501 0.5035507082939148 1.1871517896652222 -0.2055794596672058 -0.0023697614669799805 -0.3326376676559448
0.16245555877685547 0.49999526143074036 0.8506543636322021 0.36565661430358887 0.001185685396194458 0.0038597583770751953
0.7336916327476501 0.5035507082939148 1.1871517896652222 -0.2597326636314392 -0.16903537511825562 -0.2243325114250183
0.276388019323349 0.8506492376327515 0.4472198486328125 0.2595840394496918 -0.06067699193954468 0.21754246950149536
0.6433388590812683 1.019270420074463 1.0213308334350586 -0.2826113998889923 -0.22929877042770386 -0.2482624650001526
0.16245555877685547 0.49999526143074036 0.8506543636322021 0.19827190041542053 0.2899763882160187 -0.07758599519729614
0.6433388590812683 1.019270420074463 1.0213308334350586 -0.14534428715705872 -0.3461828827857971 -0.22209042310714722
-0.42532268166542053 0.30901139974594116 0.8506541848182678 0.28092584013938904 0.10963708162307739 0.20750242471694946
-0.17032340168952942 0.44693875312805176 1.4731611013412476 -0.028225287795066833 -0.19495537877082825 -0.365222692489624
0.0 0.0 1.0 -0.19854868948459625 0.2519833743572235 0.10793840885162354
-0.17032340168952942 0.44693875312805176 1.4731611013412476 0.16770078241825104 -0.1312941014766693 -0.365222692489624
-0.26286882162094116 0.8090116381645203 0.5257376432418823 0.14115241169929504 -0.07533848285675049 0.3287772536277771
-0.2647359371185303 0.8920125365257263 1.1871528625488281 -0.052906543016433716 -0.22200071811676025 -0.3326379656791687
-0.42532268166542053 0.30901139974594116 0.8506541848182678 0.10768020153045654 0.3610004186630249 0.0038607120513916016
-0.2647359371185303 0.8920125365257263 1.1871528625488281 0.08886826038360596 -0.3250061273574829 -0.22433239221572876
-0.7236073017120361 0.5257253050804138 0.44721952080726624 0.1408538818359375 0.21909743547439575 0.21754315495491028
-0.7617841958999634 0.8997312188148499 1.0213309526443481 0.12487947940826416 -0.32157522439956665 -0.2482627034187317
-0.42532268166542053 0.30901139974594116 0.8506541848182678 -0.2115820348262787 0.26914459466934204 -0.07758593559265137
-0.7617841958999634 0.8997312188148499 1.0213309526443481 0.27845898270606995 -0.2271464467048645 -0.22209006547927856
-0.42532268166542053 -0.30901139974594116 0.8506541848182678 -0.006505370140075684 0.30901139974594116 0.20750242471694946
-0.44483888149261475 0.0 1.4731613397598267 0.15478503704071045 -0.10300379991531372 -0.3652229309082031
0.0 0.0 1.0 -0.2900538444519043 -0.10300379991531372 0.10793840885162354
-0.44483888149261475 0.0 1.4731613397598267 0.15478503704071045 0.10300379991531372 -0.3652228116989136
-0.8506478667259216 0.0 0.5257359147071838 0.10431641340255737 0.10300379991531372 0.3287777304649353
-0.963023841381073 0.0 1.1871508359909058 0.21669238805770874 -0.10300379991531372 -0.3326371908187866
-0.42532268166542053 -0.30901139974594116 0.8506541848182678 -0.3210087716579437 0.20600759983062744 0.0038594603538513184
-0.963023841381073 0.0 1.1871508359909058 0.3584674596786499 0.0 -0.2243310809135437
-0.7236073017120361 -0.5257253050804138 0.44721952080726624 -0.15716439485549927 0.20724496245384216 0.21754255890846252
-1.0680599212646484 -0.42971569299697876 1.0213308334350586 0.3290632367134094 0.008231550455093384 -0.24826264381408691
-0.42532268166542053 -0.30901139974594116 0.8506541848182678 -0.3136740028858185 -0.11247274279594421 -0.07758599519729614
-1.0680599212646484 -0.42971569299697876 1.0213308334350586 0.28671640157699585 0.18347333371639252 -0.22209054231643677
0.16245555877685547 -0.49999526143074036 0.8506543636322021 -0.30685240030288696 0.0813467800617218 0.20750212669372559
-0.17032340168952942 -0.446938693523407 1.4731611013412476 0.16770078241825104 0.13129404187202454 -0.3652225732803345
0.0 0.0 1.0 -0.0026226143818348646 -0.31564465165138245 0.10793852806091309
-0.17032340168952942 -0.446938693523407 1.4731611013412476 -0.028225287795066833 0.19495531916618347 -0.365222692489624
-0.26286882162094116 -0.8090116381645203 0.5257376432418823 -0.05477365851402283 0.1389998197555542 0.3287772536277771
-0.2647359371185303 -0.8920125365257263 1.1871528625488281 0.14301952719688416 0.15833938121795654 -0.3326379656791687
0.16245555877685547 -0.49999526143074036 0.8506543636322021 -0.2841719686985016 -0.23367789387702942 0.0038605332374572754
-0.2647359371185303 -0.8920125365257263 1.1871528625488281 0.08886826038360596 0.3250061273574829 -0.22433239221572876
0.276388019323349 -0.8506492376327515 0.4472198486328125 -0.25335198640823364 -0.08331805467605591 0.21754306554794312
0.055588897317647934 -1.1422408819198608 1.0213313102722168 0.1092219203710556 0.3112791180610657 -0.24826282262802124
0.16245555877685547 -0.49999526143074036 0.8506543636322021 0.0023552626371383667 -0.3309665024280548 -0.07758587598800659
0.055588897317647934 -1.1422408819198608 1.0213313102722168 -0.07053035497665405 0.3251582980155945 -0.2220902442932129
0.525729775428772 0.0 0.8506516814231873 -0.161236971616745 -0.2746547758579254 0.20750349760055542
0.4052930474281311 -0.32396912574768066 1.473159670829773 -0.09495210647583008 0.2159794270992279 -0.3652224540710449
0.0 0.0 1.0 0.310340940952301 -0.10798970609903336 0.10793721675872803
0.4052930474281311 -0.32396912574768066 1.473159670829773 -0.21604351699352264 0.04931434988975525 -0.3652217388153076
0.6881893873214722 -0.49999693036079407 0.5257362127304077 -0.16007721424102783 -0.001184016466140747 0.32877790927886963
0.7336916327476501 -0.5035507082939148 1.1871517896652222 -0.08448803424835205 0.16903480887413025 -0.33263862133026123
0.525729775428772 0.0 0.8506516814231873 0.12347382307052612 -0.33451589941978455 0.0038614869117736816
0.7336916327476501 -0.5035507082939148 1.1871517896652222 -0.2597326636314392 0.16903537511825562 -0.2243325114250183
0.8944262266159058 0.0 0.44721561670303345 0.011905014514923096 -0.27465546131134033 0.21754372119903564
1.1363778114318848 -0.3239694833755493 1.0213261842727661 -0.28419989347457886 0.215979665517807 -0.24826174974441528
0.525729775428772 0.0 0.8506516814231873 0.32644814252853394 -0.1079898253083229 -0.07758724689483643
1.1363778114318848 -0.3239694833755493 1.0213261842727661 -0.3529455065727234 0.049314022064208984 -0.22208815813064575
0.6881893873214722 0.49999693036079407 0.5257362127304077 0.31169551610946655 -0.08134627342224121 -0.18723061680793762
1.3604073524475098 0.44694244861602783 0.4897805154323578 -0.3793995976448059 -0.13129600882530212 -0.0022030770778656006
0.8944262266159058 0.0 0.44721561670303345 0.0865815281867981 0.3156464397907257 0.04036182165145874
1.3604073524475098 0.44694244861602783 0.4897805154323578 -0.29177677631378174 -0.1949574053287506 -0.17744848132133484
0.5877856016159058 0.8090167045593262 0.0 0.33441632986068726 -0.13900130987167358 0.11015123873949051
1.2277623414993286 0.8920168876647949 0.3304537236690521 -0.393183171749115 -0.15834003686904907 -0.045057058334350586
0.6881893873214722 0.49999693036079407 0.5257362127304077 0.14638978242874146 0.23367992043495178 -0.24033954739570618
1.2277623414993286 0.8920168876647949 0.3304537236690521 -0.27209246158599854 -0.3250080943107605 -0.045057058334350586
0.276388019323349 0.8506492376327515 0.4472198486328125 0.2920297086238861 0.08332115411758423 -0.13488560914993286
0.8410794734954834 1.1422451734542847 0.4897828698158264 -0.239193856716156 -0.31128138303756714 -0.0022031962871551514
0.6881893873214722 0.49999693036079407 0.5257362127304077 -0.08630377054214478 0.33096686005592346 -0.03815653920173645
0.8410794734954834 1.1422451734542847 0.4897828698158264 -0.1353946328163147 -0.32515889406204224 -0.15127649903297424
-0.26286882162094116 0.8090116381645203 0.5257376432418823 0.1722252368927002 0.2792615294456482 -0.1872309148311615
-0.009061925113201141 1.4558079242706299 0.4897826015949249 0.010547679848968983 -0.41731834411621094 -0.0022025704383850098
0.276388019323349 0.8506492376327515 0.4472198486328125 -0.27490225434303284 0.18784034252166748 0.04036018252372742
-0.009061925113201141 1.4558079242706299 0.4897826015949249 0.09817062318325043 -0.3536555767059326 -0.17744845151901245
-0.5877856016159058 0.8090167045593262 0.0 0.2355358600616455 0.27509450912475586 0.11015189439058304
-0.4689636528491974 1.44331693649292 0.3304556906223297 0.029090940952301025 -0.4228684902191162 -0.04505792260169983
-0.26286882162094116 0.8090116381645203 0.5257376432418823 -0.1770038902759552 0.21143680810928345 -0.24033987522125244
-0.4689636528491974 1.44331693649292 0.3304556906223297 0.22501948475837708 -0.3592073917388916 -0.04505792260169983
-0.7236073017120361 0.5257253050804138 0.44721952080726624 0.0109977126121521 0.3034842014312744 -0.13488543033599854
-0.8264358043670654 1.1528863906860352 0.48978281021118164 0.22213178873062134 -0.32367855310440063 -0.002202838659286499
-0.26286882162094116 0.8090116381645203 0.5257376432418823 -0.34143519401550293 0.020196199417114258 -0.03815767168998718
-0.8264358043670654 1.1528863906860352 0.48978281021118164 0.26740574836730957 -0.22924810647964478 -0.15127599239349365
-0.8506478667259216 0.0 0.5257359147071838 -0.2089037299156189 0.24624280631542206 -0.18723031878471375
-1.3769488334655762 0.42971575260162354 0.48978090286254883 0.3932141661643982 -0.11123540997505188 -0.0022021234035491943
-0.7236073017120361 0.5257253050804138 0.44721952080726624 -0.26012736558914185 -0.20724496245384216 0.0403592586517334
-1.3769488334655762 0.42971575260162354 0.48978090286254883 0.35974419116973877 -0.008231192827224731 -0.17744743824005127
-0.9510578513145447 -0.30901262164115906 0.0 -0.18047863245010376 0.30901262164115906 0.11015188694000244
-1.492493748664856 0.0 0.3304556608200073 0.3944272994995117 -0.10300420969724655 -0.04505845904350281
-0.8506478667259216 0.0 0.5257359147071838 -0.2474185824394226 -0.10300420969724655 -0.24033871293067932
-1.492493748664856 0.0 0.3304556608200073 0.3944272994995117 0.10300420969724655 -0.04505845904350281
-0.7236073017120361 -0.5257253050804138 0.44721952080726624 -0.29359734058380127 0.10424074530601501 -0.13488605618476868
-1.3769488334655762 -0.42971575260162354 0.48978090286254883 0.3932141661643982 0.11123540997505188 -0.002202153205871582
-0.8506478667259216 0.0 0.5257359147071838 -0.13308680057525635 -0.31848034262657166 -0.03815716505050659
-1.3769488334655762 -0.42971575260162354 0.48978090286254883 0.31739723682403564 0.18347294628620148 -0.15127530694007874
-0.26286882162094116 -0.8090116381645203 0.5257376432418823 -0.2961612939834595 -0.11462664604187012 -0.18723082542419434
-0.8264358043670654 -1.1528863906860352 0.48978278040885925 0.22213178873062134 0.32367855310440063 -0.0022028088569641113
-0.7236073017120361 -0.5257253050804138 0.44721952080726624 0.11930328607559204 -0.3034825325012207 0.040360450744628906
-0.8264358043670654 -1.1528863906860352 0.48978278040885925 0.1138262152671814 0.3236768841743469 -0.17744868993759155
0.0 -0.9999999403953552 0.0 -0.35224974155426025 -0.0841112732887268 0.11015189439058304
-0.4689636528491974 -1.44331693649292 0.3304556906223297 0.22501948475837708 0.3592073917388916 -0.04505792260169983
-0.26286882162094116 -0.8090116381645203 0.5257376432418823 0.01892465353012085 -0.27509790658950806 -0.24033987522125244
-0.4689636528491974 -1.44331693649292 0.3304556906223297 0.0290910005569458 0.4228684902191162 -0.04505792260169983
0.276388019323349 -0.8506492376327515 0.4472198486328125 -0.18727931380271912 -0.2515031099319458 -0.13488569855690002
-0.009061925113201141 -1.4558079242706299 0.4897826015949249 0.010547679848968983 0.4173182249069214 -0.0022025704383850098
-0.26286882162094116 -0.8090116381645203 0.5257376432418823 0.2643545866012573 -0.22947806119918823 -0.03815761208534241
-0.009061925113201141 -1.4558079242706299 0.4897826015949249 -0.08158165961503983 0.3675347566604614 -0.1512758731842041
0.6881893873214722 -0.49999693036079407 0.5257362127304077 0.017495453357696533 -0.3170892894268036 -0.18722984194755554
0.8410793542861938 -1.1422451734542847 0.4897828698158264 -0.23919373750686646 0.31128138303756714 -0.0022031962871551514
0.276388019323349 -0.8506492376327515 0.4472198486328125 0.3254975974559784 0.019685447216033936 0.040359824895858765
0.8410793542861938 -1.1422451734542847 0.4897828698158264 -0.2726616859436035 0.20827478170394897 -0.17744863033294678
0.9510578513145447 -0.30901262164115906 0.0 -0.02885591983795166 -0.36100277304649353 0.11015123873949051
1.2277623414993286 -0.8920168876647949 0.3304537236690521 -0.27209246158599854 0.3250080943107605 -0.045057058334350586
0.6881893873214722 -0.49999693036079407 0.5257362127304077 0.2674804925918579 -0.06701186299324036 -0.24033954739570618
1.2277623414993286 -0.8920168876647949 0.3304537236690521 -0.393183171749115 0.15834003686904907 -0.045057058334350586
0.8944262266159058 0.0 0.44721561670303345 0.17420434951782227 -0.25198498368263245 -0.1348835825920105
1.3604073524475098 -0.44694238901138306 0.4897805154323578 -0.3793995976448059 0.13129594922065735 -0.0022030770778656006
0.6881893873214722 -0.49999693036079407 0.5257362127304077 0.2928183674812317 0.18435049057006836 -0.03815877437591553
1.3604073524475098 -0.44694238901138306 0.4897805154323578 -0.36052244901657104 0.028291761875152588 -0.1512749195098877
0.0 0.9999999403953552 0.0 0.35360217094421387 0.08827561140060425 0.08698064088821411
0.4730209410190582 1.4558101892471313 0.26094192266464233 -0.2232179492712021 -0.3536570072174072 -0.024887993931770325
0.276388019323349 0.8506492376327515 0.4472198486328125 -0.02658502757549286 0.25150394439697266 -0.2111659198999405
0.4730209410190582 1.4558101892471313 0.26094192266464233 -0.02728942036628723 -0.41731810569763184 -0.024887993931770325
0.26286882162094116 0.8090116381645203 -0.5257376432418823 0.1770038902759552 0.21143680810928345 0.24033984541893005
0.4689636528491974 1.44331693649292 -0.3304557204246521 -0.22501948475837708 -0.3592073917388916 0.04505792260169983
0.0 0.9999999403953552 0.0 0.2439441680908203 0.0841096043586731 -0.28539779782295227
0.4689636528491974 1.44331693649292 -0.3304557204246521 -0.11671391129493713 -0.3592057228088379 0.22030380368232727
-0.276388019323349 0.8506492376327515 -0.4472198486328125 0.27490225434303284 0.18784034252166748 -0.04036018252372742
0.009061925113201141 1.4558079242706299 -0.4897826015949249 -0.09817062318325043 -0.3536555767059326 0.17744845151901245
0.0 0.9999999403953552 0.0 -0.08910869807004929 0.10215240716934204 -0.3123341500759125
0.009061925113201141 1.4558079242706299 -0.4897826015949249 0.08158165961503983 -0.3675347566604614 0.1512758731842041
-0.9510578513145447 0.30901262164115906 0.0 0.025313973426818848 0.36357590556144714 0.08698032051324844
-1.238388180732727 0.8997363448143005 0.2609409689903259 0.26737040281295776 -0.3215782642364502 -0.024887457489967346
-0.7236073017120361 0.5257253050804138 0.44721952080726624 -0.24741047620773315 0.05243277549743652 -0.21116600930690765
-1.238388180732727 0.8997363448143005 0.2609409689903259 0.388461172580719 -0.15491020679473877 -0.024887457489967346
-0.6881893873214722 0.49999693036079407 -0.5257362127304077 -0.14638978242874146 0.23367992043495178 0.24033954739570618
-1.2277623414993286 0.8920168280601501 -0.3304537236690521 0.27209246158599854 -0.3250080347061157 0.045057058334350586
-0.9510578513145447 0.30901262164115906 0.0 -0.0046120285987854 0.25799617171287537 -0.28539666533470154
-1.2277623414993286 0.8920168280601501 -0.3304537236690521 0.3055604100227356 -0.22200143337249756 0.2203024923801422
-0.8944262266159058 0.0 -0.44721561670303345 -0.0865815281867981 0.3156464397907257 -0.04036182165145874
-1.3604073524475098 0.44694238901138306 -0.4897805154323578 0.29177677631378174 -0.1949574053287506 0.17744848132133484
-0.9510578513145447 0.30901262164115906 0.0 -0.11757272481918335 -0.05702763795852661 -0.31233203411102295
-1.3604073524475098 0.44694238901138306 -0.4897805154323578 0.36052244901657104 -0.0282917320728302 0.1512749195098877
-0.5877856016159058 -0.8090167045593262 0.0 -0.33795827627182007 0.1364281177520752 0.08698033541440964
-1.238388180732727 -0.8997363448143005 0.2609409987926483 0.388461172580719 0.15491020679473877 -0.024887487292289734
-0.7236073017120361 -0.5257253050804138 0.44721952080726624 -0.12631970643997192 -0.21910083293914795 -0.21116600930690765
-1.238388180732727 -0.8997363448143005 0.2609409987926483 0.26737040281295776 0.3215782642364502 -0.024887487292289734
-0.6881893873214722 -0.49999693036079407 -0.5257362127304077 -0.2674804925918579 -0.06701186299324036 0.24033954739570618
-1.2277623414993286 -0.8920168280601501 -0.3304537236690521 0.393183171749115 0.1583399772644043 0.045057058334350586
-0.5877856016159058 -0.8090167045593262 0.0 -0.24679356813430786 0.07533985376358032 -0.28539666533470154
-1.2277623414993286 -0.8920168280601501 -0.3304537236690521 0.3055604100227356 0.22200149297714233 0.2203024923801422
-0.276388019323349 -0.8506492376327515 -0.4472198486328125 -0.3254975974559784 0.019685447216033936 -0.040359824895858765
-0.8410794734954834 -1.1422451734542847 -0.4897828698158264 0.2726617455482483 0.20827478170394897 0.17744863033294678
-0.5877856016159058 -0.8090167045593262 0.0 0.019367873668670654 -0.12495368719100952 -0.31233423948287964
-0.8410794734954834 -1.1422451734542847 -0.4897828698158264 0.1353946328163147 0.325158953666687 0.15127649903297424
0.5877856016159058 -0.8090167045593262 0.0 -0.2341834306716919 -0.2792588472366333 0.08698064088821411
0.4730209410190582 -1.4558101892471313 0.26094192266464233 -0.02728942036628723 0.41731810569763184 -0.024887993931770325
0.276388019323349 -0.8506492376327515 0.4472198486328125 0.169343501329422 -0.18784284591674805 -0.2111659198999405
0.4730209410190582 -1.4558101892471313 0.26094192266464233 -0.2232179492712021 0.3536570072174072 -0.024887993931770325
0.26286882162094116 -0.8090116381645203 -0.5257376432418823 -0.01892465353012085 -0.27509790658950806 0.24033984541893005
0.4689636528491974 -1.44331693649292 -0.3304557204246521 -0.0290910005569458 0.4228684902191162 0.04505792260169983
0.5877856016159058 -0.8090167045593262 0.0 -0.14791294932365417 -0.21143174171447754 -0.28539779782295227
0.4689636528491974 -1.44331693649292 -0.3304557204246521 -0.11671391129493713 0.3592057228088379 0.22030380368232727
0.7236073017120361 -0.5257253050804138 -0.44721952080726624 -0.11930328607559204 -0.3034825325012207 -0.040360450744628906
0.8264358043670654 -1.1528863906860352 -0.48978281021118164 -0.1138262152671814 0.3236768841743469 0.17744871973991394
0.5877856016159058 -0.8090167045593262 0.0 0.12482398748397827 -0.02019280195236206 -0.3123340904712677
0.8264358043670654 -1.1528863906860352 -0.48978281021118164 -0.2674056887626648 0.22924810647964478 0.15127599239349365
0.9510578513145447 0.30901262164115906 0.0 0.1885051131248474 -0.30901262164115906 0.08697998523712158
1.5165729522705078 0.0 0.26093995571136475 -0.39588725566864014 0.10300420969724655 -0.02488809823989868
0.8944262266159058 0.0 0.44721561670303345 0.22625946998596191 0.10300420969724655 -0.21116375923156738
1.5165729522705078 0.0 0.26093995571136475 -0.39588725566864014 -0.10300420969724655 -0.02488809823989868
0.8506478667259216 0.0 -0.5257359147071838 0.2474185824394226 -0.10300420969724655 0.24033871293067932
1.492493748664856 0.0 -0.3304556608200073 -0.3944272994995117 0.10300420969724655 0.04505845904350281
0.9510578513145447 0.30901262164115906 0.0 0.14700859785079956 -0.2060084044933319 -0.2853972017765045
1.492493748664856 0.0 -0.3304556608200073 -0.3609572649002075 0.0 0.22030377388000488
0.7236073017120361 0.5257253050804138 -0.44721952080726624 0.26012736558914185 -0.20724496245384216 -0.0403592586517334
1.3769488334655762 0.42971575260162354 -0.48978090286254883 -0.35974419116973877 -0.008231192827224731 0.17744743824005127
0.9510578513145447 0.30901262164115906 0.0 0.06614679098129272 0.11247193813323975 -0.31233346462249756
1.3769488334655762 0.42971575260162354 -0.48978090286254883 -0.31739723682403564 -0.18347294628620148 0.15127530694007874
0.26286882162094116 0.8090116381645203 -0.5257376432418823 0.22045639157295227 -0.1364268660545349 -0.27350324392318726
0.7617841958999634 0.8997312188148499 -1.0213309526443481 -0.17903077602386475 -0.15490847826004028 0.35656827688217163
0.7236073017120361 0.5257253050804138 -0.44721952080726624 -0.1408538818359375 0.21909743547439575 -0.21754315495491028
0.7617841958999634 0.8997312188148499 -1.0213309526443481 -0.12487947940826416 -0.32157522439956665 0.2482627034187317
-0.16245555877685547 0.49999526143074036 -0.8506544232368469 0.3383232355117798 0.06701108813285828 -0.11216604709625244
0.26473596692085266 0.8920124769210815 -1.1871528625488281 -0.14301955699920654 -0.15833938121795654 0.33263784646987915
0.26286882162094116 0.8090116381645203 -0.5257376432418823 -0.14115241169929504 -0.07533854246139526 -0.32877737283706665
0.26473596692085266 0.8920124769210815 -1.1871528625488281 0.05290651321411133 -0.22200065851211548 0.3326379656791687
-0.276388019323349 0.8506492376327515 -0.4472198486328125 0.11157719790935516 -0.0196874737739563 -0.32584863901138306
-0.055588893592357635 1.1422408819198608 -1.0213313102722168 0.03255286067724228 -0.20827358961105347 0.3565683960914612
0.26286882162094116 0.8090116381645203 -0.5257376432418823 -0.2859048545360565 0.12495565414428711 -0.1390252709388733
-0.055588893592357635 1.1422408819198608 -1.0213313102722168 0.07053034752607346 -0.3251582980155945 0.2220902442932129
-0.6881893873214722 0.49999693036079407 -0.5257362127304077 0.1901947557926178 0.1730906069278717 -0.2735043168067932
-0.6433389186859131 1.019270420074463 -1.0213308334350586 0.10736680030822754 -0.2292981743812561 0.35656851530075073
-0.276388019323349 0.8506492376327515 -0.4472198486328125 -0.25958409905433655 -0.06067699193954468 -0.21754246950149536
-0.6433389186859131 1.019270420074463 -1.0213308334350586 0.2826113998889923 -0.22929877042770386 0.2482624650001526
-0.525729775428772 0.0 -0.8506516814231873 0.05177077651023865 0.3345153331756592 -0.1121675968170166
-0.7336916923522949 0.5035507082939148 -1.1871517896652222 0.08448809385299683 -0.16903480887413025 0.33263856172561646
-0.6881893873214722 0.49999693036079407 -0.5257362127304077 0.03898578882217407 -0.16548103094100952 -0.328777015209198
-0.7336916923522949 0.5035507082939148 -1.1871517896652222 0.2055794596672058 -0.0023697614669799805 0.3326376676559448
-0.8944262266159058 0.0 -0.44721561670303345 0.042248308658599854 0.1079898253083229 -0.32584893703460693
-1.1363778114318848 0.3239694833755493 -1.0213261842727661 0.23004668951034546 -0.049314022064208984 0.356566846370697
-0.6881893873214722 0.49999693036079407 -0.5257362127304077 -0.21814173460006714 -0.22534146904945374 -0.13902312517166138
-1.1363778114318848 0.3239694833755493 -1.0213261842727661 0.3529455065727234 -0.049314022064208984 0.22208815813064575
-0.6881893873214722 -0.49999693036079407 -0.5257362127304077 -0.09524291753768921 0.22534146904945374 -0.27350181341171265
-1.1363778114318848 -0.3239694833755493 -1.0213261842727661 0.2300465703010559 0.049314022064208984 0.356566846370697
-0.8944262266159058 0.0 -0.44721561670303345 -0.011905014514923096 -0.27465546131134033 -0.21754372119903564
-1.1363778114318848 -0.3239694833755493 -1.0213261842727661 0.28419989347457886 0.215979665517807 0.24826174974441528
-0.16245555877685547 -0.49999526143074036 -0.8506544232368469 -0.31150341033935547 0.16547992825508118 -0.11216491460800171
-0.7336916327476501 -0.5035507082939148 -1.1871517896652222 0.2055794596672058 0.0023697614669799805 0.3326376676559448
-0.6881893873214722 -0.49999693036079407 -0.5257362127304077 0.16007721424102783 -0.001184016466140747 -0.32877790927886963
-0.7336916327476501 -0.5035507082939148 -1.1871517896652222 0.08448803424835205 0.16903480887413025 0.33263862133026123
-0.276388019323349 -0.8506492376327515 -0.4472198486328125 -0.08433949947357178 0.06067758798599243 -0.3258485198020935
-0.6433389186859131 -1.019270420074463 -1.0213308334350586 0.10736680030822754 0.22929829359054565 0.35656851530075073
-0.6881893873214722 -0.49999693036079407 -0.5257362127304077 0.15221726894378662 -0.28997519612312317 -0.13902610540390015
-0.6433389186859131 -1.019270420074463 -1.0213308334350586 0.14534428715705872 0.3461828827857971 0.22209042310714722
0.42532268166542053 0.30901139974594116 -0.8506541848182678 0.3560207784175873 -0.06276904046535492 0.051413893699645996
1.0680599212646484 0.42971569299697876 -1.0213308334350586 -0.3290632367134094 -0.008231550455093384 0.24826264381408691
0.7236073017120361 0.5257253050804138 -0.44721952080726624 0.01538938283920288 -0.10424116253852844 -0.32584866881370544
1.0680599212646484 0.42971569299697876 -1.0213308334350586 -0.18728822469711304 -0.1112353503704071 0.35656875371932983
0.42532268166542053 -0.30901139974594116 -0.8506541848182678 0.3210087716579437 0.20600759983062744 -0.0038594603538513184
0.963023841381073 0.0 -1.1871508359909058 -0.3584674596786499 0.0 0.2243310809135437
0.42532268166542053 0.30901139974594116 -0.8506541848182678 0.17923370003700256 -0.30901139974594116 -0.11216557025909424
0.963023841381073 0.0 -1.1871508359909058 -0.21669238805770874 0.10300379991531372 0.3326371908187866
0.0 0.0 -1.0 0.2900538444519043 -0.10300379991531372 -0.10793840885162354
0.44483888149261475 0.0 -1.4731613397598267 -0.15478503704071045 0.10300379991531372 0.3652228116989136
0.42532268166542053 0.30901139974594116 -0.8506541848182678 -0.13526883721351624 -0.20600759983062744 -0.25728434324264526
0.44483888149261475 0.0 -1.4731613397598267 -0.01301082968711853 0.0 0.4150047302246094
0.26286882162094116 -0.8090116381645203 -0.5257376432418823 -0.24792736768722534 -0.008070945739746094 -0.27350348234176636
-0.055588893592357635 -1.1422408819198608 -1.0213313102722168 0.03255286067724228 0.20827358961105347 0.3565683960914612
-0.276388019323349 -0.8506492376327515 -0.4472198486328125 0.25335198640823364 -0.08331805467605591 -0.21754306554794312
-0.055588893592357635 -1.1422408819198608 -1.0213313102722168 -0.1092219278216362 0.3112791180610657 0.24826282262802124
0.42532268166542053 -0.30901139974594116 -0.8506541848182678 -0.24945499002933502 -0.25799500942230225 -0.11216628551483154
0.26473596692085266 -0.8920125365257263 -1.1871528625488281 0.05290651321411133 0.22200071811676025 0.3326379656791687
0.26286882162094116 -0.8090116381645203 -0.5257376432418823 0.05477365851402283 0.1389998197555542 -0.3287772536277771
0.26473596692085266 -0.8920125365257263 -1.1871528625488281 -0.14301955699920654 0.15833938121795654 0.3326379656791687
0.7236073017120361 -0.5257253050804138 -0.44721952080726624 -0.08670258522033691 -0.052430689334869385 -0.32584866881370544
0.7617841958999634 -0.8997312188148499 -1.0213309526443481 -0.17903077602386475 0.15490847826004028 0.35656827688217163
0.26286882162094116 -0.8090116381645203 -0.5257376432418823 0.31988459825515747 0.0641888976097107 -0.1390250325202942
0.7617841958999634 -0.8997312188148499 -1.0213309526443481 -0.27845895290374756 0.2271464467048645 0.22209006547927856
