240
0.42532268166542053 -0.30901139974594116 -0.8506541848182678
0.170323446393013 -0.446938693523407 -1.4731611013412476
0.0 0.0 -1.0
-0.16245555877685547 -0.49999526143074036 -0.8506544232368469
0.170323446393013 -0.446938693523407 -1.4731611013412476
0.42532268166542053 -0.30901139974594116 -0.8506541848182678
0.0 0.0 -1.0
0.170323446393013 -0.446938693523407 -1.4731611013412476
-0.16245555877685547 -0.49999526143074036 -0.8506544232368469
0.42532268166542053 -0.30901139974594116 -0.8506541848182678
1.0680599212646484 -0.42971569299697876 -1.0213308334350586
0.7236073017120361 -0.5257253050804138 -0.44721952080726624
0.8506478667259216 0.0 -0.5257359147071838
1.0680599212646484 -0.42971569299697876 -1.0213308334350586
0.42532268166542053 -0.30901139974594116 -0.8506541848182678
0.7236073017120361 -0.5257253050804138 -0.44721952080726624
1.0680599212646484 -0.42971569299697876 -1.0213308334350586
0.8506478667259216 0.0 -0.5257359147071838
-0.16245555877685547 -0.49999526143074036 -0.8506544232368469
-0.4052930474281311 -0.3239690363407135 -1.473159670829773
0.0 0.0 -1.0
-0.525729775428772 0.0 -0.8506516814231873
-0.4052930474281311 -0.3239690363407135 -1.473159670829773
-0.16245555877685547 -0.49999526143074036 -0.8506544232368469
0.0 0.0 -1.0
-0.4052930474281311 -0.3239690363407135 -1.473159670829773
-0.525729775428772 0.0 -0.8506516814231873
-0.525729775428772 0.0 -0.8506516814231873
-0.4052930474281311 0.3239690363407135 -1.473159670829773
0.0 0.0 -1.0
-0.16245555877685547 0.49999526143074036 -0.8506544232368469
-0.4052930474281311 0.3239690363407135 -1.473159670829773
-0.525729775428772 0.0 -0.8506516814231873
0.0 0.0 -1.0
-0.4052930474281311 0.3239690363407135 -1.473159670829773
-0.16245555877685547 0.49999526143074036 -0.8506544232368469
-0.16245555877685547 0.49999526143074036 -0.8506544232368469
0.170323446393013 0.446938693523407 -1.4731611013412476
0.0 0.0 -1.0
0.42532268166542053 0.30901139974594116 -0.8506541848182678
0.170323446393013 0.446938693523407 -1.4731611013412476
-0.16245555877685547 0.49999526143074036 -0.8506544232368469
0.0 0.0 -1.0
0.170323446393013 0.446938693523407 -1.4731611013412476
0.42532268166542053 0.30901139974594116 -0.8506541848182678
0.8506478667259216 0.0 -0.5257359147071838
1.3769488334655762 -0.42971575260162354 -0.48978090286254883
0.7236073017120361 -0.5257253050804138 -0.44721952080726624
0.9510578513145447 -0.30901262164115906 0.0
1.3769488334655762 -0.42971575260162354 -0.48978090286254883
0.8506478667259216 0.0 -0.5257359147071838
0.7236073017120361 -0.5257253050804138 -0.44721952080726624
1.3769488334655762 -0.42971575260162354 -0.48978090286254883
0.9510578513145447 -0.30901262164115906 0.0
0.26286882162094116 -0.8090116381645203 -0.5257376432418823
0.009061925113201141 -1.4558079242706299 -0.4897826015949249
-0.276388019323349 -0.8506492376327515 -0.4472198486328125
0.0 -0.9999999403953552 0.0
0.009061925113201141 -1.4558079242706299 -0.4897826015949249
0.26286882162094116 -0.8090116381645203 -0.5257376432418823
-0.276388019323349 -0.8506492376327515 -0.4472198486328125
0.009061925113201141 -1.4558079242706299 -0.4897826015949249
0.0 -0.9999999403953552 0.0
-0.6881893873214722 -0.49999693036079407 -0.5257362127304077
-1.3604073524475098 -0.44694244861602783 -0.4897805154323578
-0.8944262266159058 0.0 -0.44721561670303345
-0.9510578513145447 -0.30901262164115906 0.0
-1.3604073524475098 -0.44694244861602783 -0.4897805154323578
-0.6881893873214722 -0.49999693036079407 -0.5257362127304077
-0.8944262266159058 0.0 -0.44721561670303345
-1.3604073524475098 -0.44694244861602783 -0.4897805154323578
-0.9510578513145447 -0.30901262164115906 0.0
-0.6881893873214722 0.49999693036079407 -0.5257362127304077
-0.8410793542861938 1.1422451734542847 -0.4897828698158264
-0.276388019323349 0.8506492376327515 -0.4472198486328125
-0.5877856016159058 0.8090167045593262 0.0
-0.8410793542861938 1.1422451734542847 -0.4897828698158264
-0.6881893873214722 0.49999693036079407 -0.5257362127304077
-0.276388019323349 0.8506492376327515 -0.4472198486328125
-0.8410793542861938 1.1422451734542847 -0.4897828698158264
-0.5877856016159058 0.8090167045593262 0.0
0.26286882162094116 0.8090116381645203 -0.5257376432418823
0.8264358043670654 1.1528863906860352 -0.48978278040885925
0.7236073017120361 0.5257253050804138 -0.44721952080726624
0.5877856016159058 0.8090167045593262 0.0
0.8264358043670654 1.1528863906860352 -0.48978278040885925
0.26286882162094116 0.8090116381645203 -0.5257376432418823
0.7236073017120361 0.5257253050804138 -0.44721952080726624
0.8264358043670654 1.1528863906860352 -0.48978278040885925
0.5877856016159058 0.8090167045593262 0.0
0.9510578513145447 -0.30901262164115906 0.0
1.238388180732727 -0.8997363448143005 -0.2609409689903259
0.7236073017120361 -0.5257253050804138 -0.44721952080726624
0.5877856016159058 -0.8090167045593262 0.0
1.238388180732727 -0.8997363448143005 -0.2609409689903259
0.9510578513145447 -0.30901262164115906 0.0
0.7236073017120361 -0.5257253050804138 -0.44721952080726624
1.238388180732727 -0.8997363448143005 -0.2609409689903259
0.5877856016159058 -0.8090167045593262 0.0
0.0 -0.9999999403953552 0.0
-0.4730209410190582 -1.4558101892471313 -0.26094192266464233
-0.276388019323349 -0.8506492376327515 -0.4472198486328125
-0.5877856016159058 -0.8090167045593262 0.0
-0.4730209410190582 -1.4558101892471313 -0.26094192266464233
0.0 -0.9999999403953552 0.0
-0.276388019323349 -0.8506492376327515 -0.4472198486328125
-0.4730209410190582 -1.4558101892471313 -0.26094192266464233
-0.5877856016159058 -0.8090167045593262 0.0
-0.9510578513145447 -0.30901262164115906 0.0
-1.5165729522705078 0.0 -0.26093995571136475
-0.8944262266159058 0.0 -0.44721561670303345
-0.9510578513145447 0.30901262164115906 0.0
-1.5165729522705078 0.0 -0.26093995571136475
-0.9510578513145447 -0.30901262164115906 0.0
-0.8944262266159058 0.0 -0.44721561670303345
-1.5165729522705078 0.0 -0.26093995571136475
-0.9510578513145447 0.30901262164115906 0.0
-0.5877856016159058 0.8090167045593262 0.0
-0.4730209410190582 1.4558101892471313 -0.26094192266464233
-0.276388019323349 0.8506492376327515 -0.4472198486328125
0.0 0.9999999403953552 0.0
-0.4730209410190582 1.4558101892471313 -0.26094192266464233
-0.5877856016159058 0.8090167045593262 0.0
-0.276388019323349 0.8506492376327515 -0.4472198486328125
-0.4730209410190582 1.4558101892471313 -0.26094192266464233
0.0 0.9999999403953552 0.0
0.5877856016159058 0.8090167045593262 0.0
1.238388180732727 0.8997363448143005 -0.2609409987926483
0.7236073017120361 0.5257253050804138 -0.44721952080726624
0.9510578513145447 0.30901262164115906 0.0
1.238388180732727 0.8997363448143005 -0.2609409987926483
0.5877856016159058 0.8090167045593262 0.0
0.7236073017120361 0.5257253050804138 -0.44721952080726624
1.238388180732727 0.8997363448143005 -0.2609409987926483
0.9510578513145447 0.30901262164115906 0.0
0.6881893873214722 -0.49999693036079407 0.5257362127304077
0.6433389186859131 -1.019270420074463 1.0213308334350586
0.276388019323349 -0.8506492376327515 0.4472198486328125
0.16245555877685547 -0.49999526143074036 0.8506543636322021
0.6433389186859131 -1.019270420074463 1.0213308334350586
0.6881893873214722 -0.49999693036079407 0.5257362127304077
0.276388019323349 -0.8506492376327515 0.4472198486328125
0.6433389186859131 -1.019270420074463 1.0213308334350586
0.16245555877685547 -0.49999526143074036 0.8506543636322021
-0.26286882162094116 -0.8090116381645203 0.5257376432418823
-0.7617841958999634 -0.8997312188148499 1.0213309526443481
-0.7236073017120361 -0.5257253050804138 0.44721952080726624
-0.42532268166542053 -0.30901139974594116 0.8506541848182678
-0.7617841958999634 -0.8997312188148499 1.0213309526443481
-0.26286882162094116 -0.8090116381645203 0.5257376432418823
-0.7236073017120361 -0.5257253050804138 0.44721952080726624
-0.7617841958999634 -0.8997312188148499 1.0213309526443481
-0.42532268166542053 -0.30901139974594116 0.8506541848182678
-0.8506478667259216 0.0 0.5257359147071838
-1.0680599212646484 0.42971569299697876 1.0213308334350586
-0.7236073017120361 0.5257253050804138 0.44721952080726624
-0.42532268166542053 0.30901139974594116 0.8506541848182678
-1.0680599212646484 0.42971569299697876 1.0213308334350586
-0.8506478667259216 0.0 0.5257359147071838
-0.7236073017120361 0.5257253050804138 0.44721952080726624
-1.0680599212646484 0.42971569299697876 1.0213308334350586
-0.42532268166542053 0.30901139974594116 0.8506541848182678
-0.26286882162094116 0.8090116381645203 0.5257376432418823
0.055588897317647934 1.1422408819198608 1.0213313102722168
0.276388019323349 0.8506492376327515 0.4472198486328125
0.16245555877685547 0.49999526143074036 0.8506543636322021
0.055588897317647934 1.1422408819198608 1.0213313102722168
-0.26286882162094116 0.8090116381645203 0.5257376432418823
0.276388019323349 0.8506492376327515 0.4472198486328125
0.055588897317647934 1.1422408819198608 1.0213313102722168
0.16245555877685547 0.49999526143074036 0.8506543636322021
0.6881893873214722 0.49999693036079407 0.5257362127304077
1.1363778114318848 0.3239694833755493 1.0213261842727661
0.8944262266159058 0.0 0.44721561670303345
0.525729775428772 0.0 0.8506516814231873
1.1363778114318848 0.3239694833755493 1.0213261842727661
0.6881893873214722 0.49999693036079407 0.5257362127304077
0.8944262266159058 0.0 0.44721561670303345
1.1363778114318848 0.3239694833755493 1.0213261842727661
0.525729775428772 0.0 0.8506516814231873
0.16245555877685547 0.49999526143074036 0.8506543636322021
0.4052930474281311 0.32396912574768066 1.473159670829773
0.525729775428772 0.0 0.8506516814231873
0.0 0.0 1.0
0.4052930474281311 0.32396912574768066 1.473159670829773
0.16245555877685547 0.49999526143074036 0.8506543636322021
0.525729775428772 0.0 0.8506516814231873
0.4052930474281311 0.32396912574768066 1.473159670829773
0.0 0.0 1.0
0.6881893873214722 0.49999693036079407 0.5257362127304077
0.7336916327476501 0.5035507082939148 1.1871517896652222
0.525729775428772 0.0 0.8506516814231873
0.16245555877685547 0.49999526143074036 0.8506543636322021
0.7336916327476501 0.5035507082939148 1.1871517896652222
0.6881893873214722 0.49999693036079407 0.5257362127304077
0.525729775428772 0.0 0.8506516814231873
0.7336916327476501 0.5035507082939148 1.1871517896652222
0.16245555877685547 0.49999526143074036 0.8506543636322021
0.276388019323349 0.8506492376327515 0.4472198486328125
0.6433388590812683 1.019270420074463 1.0213308334350586
0.6881893873214722 0.49999693036079407 0.5257362127304077
0.16245555877685547 0.49999526143074036 0.8506543636322021
0.6433388590812683 1.019270420074463 1.0213308334350586
0.276388019323349 0.8506492376327515 0.4472198486328125
0.6881893873214722 0.49999693036079407 0.5257362127304077
0.6433388590812683 1.019270420074463 1.0213308334350586
0.16245555877685547 0.49999526143074036 0.8506543636322021
-0.42532268166542053 0.30901139974594116 0.8506541848182678
-0.17032340168952942 0.44693875312805176 1.4731611013412476
0.16245555877685547 0.49999526143074036 0.8506543636322021
0.0 0.0 1.0
-0.17032340168952942 0.44693875312805176 1.4731611013412476
-0.42532268166542053 0.30901139974594116 0.8506541848182678
0.16245555877685547 0.49999526143074036 0.8506543636322021
-0.17032340168952942 0.44693875312805176 1.4731611013412476
0.0 0.0 1.0
-0.26286882162094116 0.8090116381645203 0.5257376432418823
-0.2647359371185303 0.8920125365257263 1.1871528625488281
0.16245555877685547 0.49999526143074036 0.8506543636322021
-0.42532268166542053 0.30901139974594116 0.8506541848182678
-0.2647359371185303 0.8920125365257263 1.1871528625488281
-0.26286882162094116 0.8090116381645203 0.5257376432418823
0.16245555877685547 0.49999526143074036 0.8506543636322021
-0.2647359371185303 0.8920125365257263 1.1871528625488281
-0.42532268166542053 0.30901139974594116 0.8506541848182678
-0.7236073017120361 0.5257253050804138 0.44721952080726624
-0.7617841958999634 0.8997312188148499 1.0213309526443481
-0.26286882162094116 0.8090116381645203 0.5257376432418823
-0.42532268166542053 0.30901139974594116 0.8506541848182678
-0.7617841958999634 0.8997312188148499 1.0213309526443481
-0.7236073017120361 0.5257253050804138 0.44721952080726624
-0.26286882162094116 0.8090116381645203 0.5257376432418823
-0.7617841958999634 0.8997312188148499 1.0213309526443481
-0.42532268166542053 0.30901139974594116 0.8506541848182678
-0.42532268166542053 -0.30901139974594116 0.8506541848182678
-0.44483888149261475 0.0 1.4731613397598267
-0.42532268166542053 0.30901139974594116 0.8506541848182678
0.0 0.0 1.0
-0.44483888149261475 0.0 1.4731613397598267
-0.42532268166542053 -0.30901139974594116 0.8506541848182678
-0.42532268166542053 0.30901139974594116 0.8506541848182678
-0.44483888149261475 0.0 1.4731613397598267
0.0 0.0 1.0
-0.8506478667259216 0.0 0.5257359147071838
-0.963023841381073 0.0 1.1871508359909058
-0.42532268166542053 0.30901139974594116 0.8506541848182678
-0.42532268166542053 -0.30901139974594116 0.8506541848182678
-0.963023841381073 0.0 1.1871508359909058
-0.8506478667259216 0.0 0.5257359147071838
-0.42532268166542053 0.30901139974594116 0.8506541848182678
-0.963023841381073 0.0 1.1871508359909058
-0.42532268166542053 -0.30901139974594116 0.8506541848182678
-0.7236073017120361 -0.5257253050804138 0.44721952080726624
-1.0680599212646484 -0.42971569299697876 1.0213308334350586
-0.8506478667259216 0.0 0.5257359147071838
-0.42532268166542053 -0.30901139974594116 0.8506541848182678
-1.0680599212646484 -0.42971569299697876 1.0213308334350586
-0.7236073017120361 -0.5257253050804138 0.44721952080726624
-0.8506478667259216 0.0 0.5257359147071838
-1.0680599212646484 -0.42971569299697876 1.0213308334350586
-0.42532268166542053 -0.30901139974594116 0.8506541848182678
0.16245555877685547 -0.49999526143074036 0.8506543636322021
-0.17032340168952942 -0.446938693523407 1.4731611013412476
-0.42532268166542053 -0.30901139974594116 0.8506541848182678
0.0 0.0 1.0
-0.17032340168952942 -0.446938693523407 1.4731611013412476
0.16245555877685547 -0.49999526143074036 0.8506543636322021
-0.42532268166542053 -0.30901139974594116 0.8506541848182678
-0.17032340168952942 -0.446938693523407 1.4731611013412476
0.0 0.0 1.0
-0.26286882162094116 -0.8090116381645203 0.5257376432418823
-0.2647359371185303 -0.8920125365257263 1.1871528625488281
-0.42532268166542053 -0.30901139974594116 0.8506541848182678
0.16245555877685547 -0.49999526143074036 0.8506543636322021
-0.2647359371185303 -0.8920125365257263 1.1871528625488281
-0.26286882162094116 -0.8090116381645203 0.5257376432418823
-0.42532268166542053 -0.30901139974594116 0.8506541848182678
-0.2647359371185303 -0.8920125365257263 1.1871528625488281
0.16245555877685547 -0.49999526143074036 0.8506543636322021
0.276388019323349 -0.8506492376327515 0.4472198486328125
0.055588897317647934 -1.1422408819198608 1.0213313102722168
-0.26286882162094116 -0.8090116381645203 0.5257376432418823
0.16245555877685547 -0.49999526143074036 0.8506543636322021
0.055588897317647934 -1.1422408819198608 1.0213313102722168
0.276388019323349 -0.8506492376327515 0.4472198486328125
-0.26286882162094116 -0.8090116381645203 0.5257376432418823
0.055588897317647934 -1.1422408819198608 1.0213313102722168
0.16245555877685547 -0.49999526143074036 0.8506543636322021
0.525729775428772 0.0 0.8506516814231873
0.4052930474281311 -0.32396912574768066 1.473159670829773
0.16245555877685547 -0.49999526143074036 0.8506543636322021
0.0 0.0 1.0
0.4052930474281311 -0.32396912574768066 1.473159670829773
0.525729775428772 0.0 0.8506516814231873
0.16245555877685547 -0.49999526143074036 0.8506543636322021
0.4052930474281311 -0.32396912574768066 1.473159670829773
0.0 0.0 1.0
0.6881893873214722 -0.49999693036079407 0.5257362127304077
0.7336916327476501 -0.5035507082939148 1.1871517896652222
0.16245555877685547 -0.49999526143074036 0.8506543636322021
0.525729775428772 0.0 0.8506516814231873
0.7336916327476501 -0.5035507082939148 1.1871517896652222
0.6881893873214722 -0.49999693036079407 0.5257362127304077
0.16245555877685547 -0.49999526143074036 0.8506543636322021
0.7336916327476501 -0.5035507082939148 1.1871517896652222
0.525729775428772 0.0 0.8506516814231873
0.8944262266159058 0.0 0.44721561670303345
1.1363778114318848 -0.3239694833755493 1.0213261842727661
0.6881893873214722 -0.49999693036079407 0.5257362127304077
0.525729775428772 0.0 0.8506516814231873
1.1363778114318848 -0.3239694833755493 1.0213261842727661
0.8944262266159058 0.0 0.44721561670303345
0.6881893873214722 -0.49999693036079407 0.5257362127304077
1.1363778114318848 -0.3239694833755493 1.0213261842727661
0.525729775428772 0.0 0.8506516814231873
0.6881893873214722 0.49999693036079407 0.5257362127304077
1.3604073524475098 0.44694244861602783 0.4897805154323578
0.9510578513145447 0.30901262164115906 0.0
0.8944262266159058 0.0 0.44721561670303345
1.3604073524475098 0.44694244861602783 0.4897805154323578
0.6881893873214722 0.49999693036079407 0.5257362127304077
0.9510578513145447 0.30901262164115906 0.0
1.3604073524475098 0.44694244861602783 0.4897805154323578
0.8944262266159058 0.0 0.44721561670303345
0.5877856016159058 0.8090167045593262 0.0
1.2277623414993286 0.8920168876647949 0.3304537236690521
0.9510578513145447 0.30901262164115906 0.0
0.6881893873214722 0.49999693036079407 0.5257362127304077
1.2277623414993286 0.8920168876647949 0.3304537236690521
0.5877856016159058 0.8090167045593262 0.0
0.9510578513145447 0.30901262164115906 0.0
1.2277623414993286 0.8920168876647949 0.3304537236690521
0.6881893873214722 0.49999693036079407 0.5257362127304077
0.276388019323349 0.8506492376327515 0.4472198486328125
0.8410794734954834 1.1422451734542847 0.4897828698158264
0.5877856016159058 0.8090167045593262 0.0
0.6881893873214722 0.49999693036079407 0.5257362127304077
0.8410794734954834 1.1422451734542847 0.4897828698158264
0.276388019323349 0.8506492376327515 0.4472198486328125
0.5877856016159058 0.8090167045593262 0.0
0.8410794734954834 1.1422451734542847 0.4897828698158264
0.6881893873214722 0.49999693036079407 0.5257362127304077
-0.26286882162094116 0.8090116381645203 0.5257376432418823
-0.009061925113201141 1.4558079242706299 0.4897826015949249
0.0 0.9999999403953552 0.0
0.276388019323349 0.8506492376327515 0.4472198486328125
-0.009061925113201141 1.4558079242706299 0.4897826015949249
-0.26286882162094116 0.8090116381645203 0.5257376432418823
0.0 0.9999999403953552 0.0
-0.009061925113201141 1.4558079242706299 0.4897826015949249
0.276388019323349 0.8506492376327515 0.4472198486328125
-0.5877856016159058 0.8090167045593262 0.0
-0.4689636528491974 1.44331693649292 0.3304556906223297
0.0 0.9999999403953552 0.0
-0.26286882162094116 0.8090116381645203 0.5257376432418823
-0.4689636528491974 1.44331693649292 0.3304556906223297
-0.5877856016159058 0.8090167045593262 0.0
0.0 0.9999999403953552 0.0
-0.4689636528491974 1.44331693649292 0.3304556906223297
-0.26286882162094116 0.8090116381645203 0.5257376432418823
-0.7236073017120361 0.5257253050804138 0.44721952080726624
-0.8264358043670654 1.1528863906860352 0.48978281021118164
-0.5877856016159058 0.8090167045593262 0.0
-0.26286882162094116 0.8090116381645203 0.5257376432418823
-0.8264358043670654 1.1528863906860352 0.48978281021118164
-0.7236073017120361 0.5257253050804138 0.44721952080726624
-0.5877856016159058 0.8090167045593262 0.0
-0.8264358043670654 1.1528863906860352 0.48978281021118164
-0.26286882162094116 0.8090116381645203 0.5257376432418823
-0.8506478667259216 0.0 0.5257359147071838
-1.3769488334655762 0.42971575260162354 0.48978090286254883
-0.9510578513145447 0.30901262164115906 0.0
-0.7236073017120361 0.5257253050804138 0.44721952080726624
-1.3769488334655762 0.42971575260162354 0.48978090286254883
-0.8506478667259216 0.0 0.5257359147071838
-0.9510578513145447 0.30901262164115906 0.0
-1.3769488334655762 0.42971575260162354 0.48978090286254883
-0.7236073017120361 0.5257253050804138 0.44721952080726624
-0.9510578513145447 -0.30901262164115906 0.0
-1.492493748664856 0.0 0.3304556608200073
-0.9510578513145447 0.30901262164115906 0.0
-0.8506478667259216 0.0 0.5257359147071838
-1.492493748664856 0.0 0.3304556608200073
-0.9510578513145447 -0.30901262164115906 0.0
-0.9510578513145447 0.30901262164115906 0.0
-1.492493748664856 0.0 0.3304556608200073
-0.8506478667259216 0.0 0.5257359147071838
-0.7236073017120361 -0.5257253050804138 0.44721952080726624
-1.3769488334655762 -0.42971575260162354 0.48978090286254883
-0.9510578513145447 -0.30901262164115906 0.0
-0.8506478667259216 0.0 0.5257359147071838
-1.3769488334655762 -0.42971575260162354 0.48978090286254883
-0.7236073017120361 -0.5257253050804138 0.44721952080726624
-0.9510578513145447 -0.30901262164115906 0.0
-1.3769488334655762 -0.42971575260162354 0.48978090286254883
-0.8506478667259216 0.0 0.5257359147071838
-0.26286882162094116 -0.8090116381645203 0.5257376432418823
-0.8264358043670654 -1.1528863906860352 0.48978278040885925
-0.5877856016159058 -0.8090167045593262 0.0
-0.7236073017120361 -0.5257253050804138 0.44721952080726624
-0.8264358043670654 -1.1528863906860352 0.48978278040885925
-0.26286882162094116 -0.8090116381645203 0.5257376432418823
-0.5877856016159058 -0.8090167045593262 0.0
-0.8264358043670654 -1.1528863906860352 0.48978278040885925
-0.7236073017120361 -0.5257253050804138 0.44721952080726624
0.0 -0.9999999403953552 0.0
-0.4689636528491974 -1.44331693649292 0.3304556906223297
-0.5877856016159058 -0.8090167045593262 0.0
-0.26286882162094116 -0.8090116381645203 0.5257376432418823
-0.4689636528491974 -1.44331693649292 0.3304556906223297
0.0 -0.9999999403953552 0.0
-0.5877856016159058 -0.8090167045593262 0.0
-0.4689636528491974 -1.44331693649292 0.3304556906223297
-0.26286882162094116 -0.8090116381645203 0.5257376432418823
0.276388019323349 -0.8506492376327515 0.4472198486328125
-0.009061925113201141 -1.4558079242706299 0.4897826015949249
0.0 -0.9999999403953552 0.0
-0.26286882162094116 -0.8090116381645203 0.5257376432418823
-0.009061925113201141 -1.4558079242706299 0.4897826015949249
0.276388019323349 -0.8506492376327515 0.4472198486328125
0.0 -0.9999999403953552 0.0
-0.009061925113201141 -1.4558079242706299 0.4897826015949249
-0.26286882162094116 -0.8090116381645203 0.5257376432418823
0.6881893873214722 -0.49999693036079407 0.5257362127304077
0.8410793542861938 -1.1422451734542847 0.4897828698158264
0.5877856016159058 -0.8090167045593262 0.0
0.276388019323349 -0.8506492376327515 0.4472198486328125
0.8410793542861938 -1.1422451734542847 0.4897828698158264
0.6881893873214722 -0.49999693036079407 0.5257362127304077
0.5877856016159058 -0.8090167045593262 0.0
0.8410793542861938 -1.1422451734542847 0.4897828698158264
0.276388019323349 -0.8506492376327515 0.4472198486328125
0.9510578513145447 -0.30901262164115906 0.0
1.2277623414993286 -0.8920168876647949 0.3304537236690521
0.5877856016159058 -0.8090167045593262 0.0
0.6881893873214722 -0.49999693036079407 0.5257362127304077
1.2277623414993286 -0.8920168876647949 0.3304537236690521
0.9510578513145447 -0.30901262164115906 0.0
0.5877856016159058 -0.8090167045593262 0.0
1.2277623414993286 -0.8920168876647949 0.3304537236690521
0.6881893873214722 -0.49999693036079407 0.5257362127304077
0.8944262266159058 0.0 0.44721561670303345
1.3604073524475098 -0.44694238901138306 0.4897805154323578
0.9510578513145447 -0.30901262164115906 0.0
0.6881893873214722 -0.49999693036079407 0.5257362127304077
1.3604073524475098 -0.44694238901138306 0.4897805154323578
0.8944262266159058 0.0 0.44721561670303345
0.9510578513145447 -0.30901262164115906 0.0
1.3604073524475098 -0.44694238901138306 0.4897805154323578
0.6881893873214722 -0.49999693036079407 0.5257362127304077
0.0 0.9999999403953552 0.0
0.4730209410190582 1.4558101892471313 0.26094192266464233
0.5877856016159058 0.8090167045593262 0.0
0.276388019323349 0.8506492376327515 0.4472198486328125
0.4730209410190582 1.4558101892471313 0.26094192266464233
0.0 0.9999999403953552 0.0
0.5877856016159058 0.8090167045593262 0.0
0.4730209410190582 1.4558101892471313 0.26094192266464233
0.276388019323349 0.8506492376327515 0.4472198486328125
0.26286882162094116 0.8090116381645203 -0.5257376432418823
0.4689636528491974 1.44331693649292 -0.3304557204246521
0.5877856016159058 0.8090167045593262 0.0
0.0 0.9999999403953552 0.0
0.4689636528491974 1.44331693649292 -0.3304557204246521
0.26286882162094116 0.8090116381645203 -0.5257376432418823
0.5877856016159058 0.8090167045593262 0.0
0.4689636528491974 1.44331693649292 -0.3304557204246521
0.0 0.9999999403953552 0.0
-0.276388019323349 0.8506492376327515 -0.4472198486328125
0.009061925113201141 1.4558079242706299 -0.4897826015949249
0.26286882162094116 0.8090116381645203 -0.5257376432418823
0.0 0.9999999403953552 0.0
0.009061925113201141 1.4558079242706299 -0.4897826015949249
-0.276388019323349 0.8506492376327515 -0.4472198486328125
0.26286882162094116 0.8090116381645203 -0.5257376432418823
0.009061925113201141 1.4558079242706299 -0.4897826015949249
0.0 0.9999999403953552 0.0
-0.9510578513145447 0.30901262164115906 0.0
-1.238388180732727 0.8997363448143005 0.2609409689903259
-0.5877856016159058 0.8090167045593262 0.0
-0.7236073017120361 0.5257253050804138 0.44721952080726624
-1.238388180732727 0.8997363448143005 0.2609409689903259
-0.9510578513145447 0.30901262164115906 0.0
-0.5877856016159058 0.8090167045593262 0.0
-1.238388180732727 0.8997363448143005 0.2609409689903259
-0.7236073017120361 0.5257253050804138 0.44721952080726624
-0.6881893873214722 0.49999693036079407 -0.5257362127304077
-1.2277623414993286 0.8920168280601501 -0.3304537236690521
-0.5877856016159058 0.8090167045593262 0.0
-0.9510578513145447 0.30901262164115906 0.0
-1.2277623414993286 0.8920168280601501 -0.3304537236690521
-0.6881893873214722 0.49999693036079407 -0.5257362127304077
-0.5877856016159058 0.8090167045593262 0.0
-1.2277623414993286 0.8920168280601501 -0.3304537236690521
-0.9510578513145447 0.30901262164115906 0.0
-0.8944262266159058 0.0 -0.44721561670303345
-1.3604073524475098 0.44694238901138306 -0.4897805154323578
-0.6881893873214722 0.49999693036079407 -0.5257362127304077
-0.9510578513145447 0.30901262164115906 0.0
-1.3604073524475098 0.44694238901138306 -0.4897805154323578
-0.8944262266159058 0.0 -0.44721561670303345
-0.6881893873214722 0.49999693036079407 -0.5257362127304077
-1.3604073524475098 0.44694238901138306 -0.4897805154323578
-0.9510578513145447 0.30901262164115906 0.0
-0.5877856016159058 -0.8090167045593262 0.0
-1.238388180732727 -0.8997363448143005 0.2609409987926483
-0.9510578513145447 -0.30901262164115906 0.0
-0.7236073017120361 -0.5257253050804138 0.44721952080726624
-1.238388180732727 -0.8997363448143005 0.2609409987926483
-0.5877856016159058 -0.8090167045593262 0.0
-0.9510578513145447 -0.30901262164115906 0.0
-1.238388180732727 -0.8997363448143005 0.2609409987926483
-0.7236073017120361 -0.5257253050804138 0.44721952080726624
-0.6881893873214722 -0.49999693036079407 -0.5257362127304077
-1.2277623414993286 -0.8920168280601501 -0.3304537236690521
-0.9510578513145447 -0.30901262164115906 0.0
-0.5877856016159058 -0.8090167045593262 0.0
-1.2277623414993286 -0.8920168280601501 -0.3304537236690521
-0.6881893873214722 -0.49999693036079407 -0.5257362127304077
-0.9510578513145447 -0.30901262164115906 0.0
-1.2277623414993286 -0.8920168280601501 -0.3304537236690521
-0.5877856016159058 -0.8090167045593262 0.0
-0.276388019323349 -0.8506492376327515 -0.4472198486328125
-0.8410794734954834 -1.1422451734542847 -0.4897828698158264
-0.6881893873214722 -0.49999693036079407 -0.5257362127304077
-0.5877856016159058 -0.8090167045593262 0.0
-0.8410794734954834 -1.1422451734542847 -0.4897828698158264
-0.276388019323349 -0.8506492376327515 -0.4472198486328125
-0.6881893873214722 -0.49999693036079407 -0.5257362127304077
-0.8410794734954834 -1.1422451734542847 -0.4897828698158264
-0.5877856016159058 -0.8090167045593262 0.0
0.5877856016159058 -0.8090167045593262 0.0
0.4730209410190582 -1.4558101892471313 0.26094192266464233
0.0 -0.9999999403953552 0.0
0.276388019323349 -0.8506492376327515 0.4472198486328125
0.4730209410190582 -1.4558101892471313 0.26094192266464233
0.5877856016159058 -0.8090167045593262 0.0
0.0 -0.9999999403953552 0.0
0.4730209410190582 -1.4558101892471313 0.26094192266464233
0.276388019323349 -0.8506492376327515 0.4472198486328125
0.26286882162094116 -0.8090116381645203 -0.5257376432418823
0.4689636528491974 -1.44331693649292 -0.3304557204246521
0.0 -0.9999999403953552 0.0
0.5877856016159058 -0.8090167045593262 0.0
0.4689636528491974 -1.44331693649292 -0.3304557204246521
0.26286882162094116 -0.8090116381645203 -0.5257376432418823
0.0 -0.9999999403953552 0.0
0.4689636528491974 -1.44331693649292 -0.3304557204246521
0.5877856016159058 -0.8090167045593262 0.0
0.7236073017120361 -0.5257253050804138 -0.44721952080726624
0.8264358043670654 -1.1528863906860352 -0.48978281021118164
0.26286882162094116 -0.8090116381645203 -0.5257376432418823
0.5877856016159058 -0.8090167045593262 0.0
0.8264358043670654 -1.1528863906860352 -0.48978281021118164
0.7236073017120361 -0.5257253050804138 -0.44721952080726624
0.26286882162094116 -0.8090116381645203 -0.5257376432418823
0.8264358043670654 -1.1528863906860352 -0.48978281021118164
0.5877856016159058 -0.8090167045593262 0.0
0.9510578513145447 0.30901262164115906 0.0
1.5165729522705078 0.0 0.26093995571136475
0.9510578513145447 -0.30901262164115906 0.0
0.8944262266159058 0.0 0.44721561670303345
1.5165729522705078 0.0 0.26093995571136475
0.9510578513145447 0.30901262164115906 0.0
0.9510578513145447 -0.30901262164115906 0.0
1.5165729522705078 0.0 0.26093995571136475
0.8944262266159058 0.0 0.44721561670303345
0.8506478667259216 0.0 -0.5257359147071838
1.492493748664856 0.0 -0.3304556608200073
0.9510578513145447 -0.30901262164115906 0.0
0.9510578513145447 0.30901262164115906 0.0
1.492493748664856 0.0 -0.3304556608200073
0.8506478667259216 0.0 -0.5257359147071838
0.9510578513145447 -0.30901262164115906 0.0
1.492493748664856 0.0 -0.3304556608200073
0.9510578513145447 0.30901262164115906 0.0
0.7236073017120361 0.5257253050804138 -0.44721952080726624
1.3769488334655762 0.42971575260162354 -0.48978090286254883
0.8506478667259216 0.0 -0.5257359147071838
0.9510578513145447 0.30901262164115906 0.0
1.3769488334655762 0.42971575260162354 -0.48978090286254883
0.7236073017120361 0.5257253050804138 -0.44721952080726624
0.8506478667259216 0.0 -0.5257359147071838
1.3769488334655762 0.42971575260162354 -0.48978090286254883
0.9510578513145447 0.30901262164115906 0.0
0.26286882162094116 0.8090116381645203 -0.5257376432418823
0.7617841958999634 0.8997312188148499 -1.0213309526443481
0.42532268166542053 0.30901139974594116 -0.8506541848182678
0.7236073017120361 0.5257253050804138 -0.44721952080726624
0.7617841958999634 0.8997312188148499 -1.0213309526443481
0.26286882162094116 0.8090116381645203 -0.5257376432418823
0.42532268166542053 0.30901139974594116 -0.8506541848182678
0.7617841958999634 0.8997312188148499 -1.0213309526443481
0.7236073017120361 0.5257253050804138 -0.44721952080726624
-0.16245555877685547 0.49999526143074036 -0.8506544232368469
0.26473596692085266 0.8920124769210815 -1.1871528625488281
0.42532268166542053 0.30901139974594116 -0.8506541848182678
0.26286882162094116 0.8090116381645203 -0.5257376432418823
0.26473596692085266 0.8920124769210815 -1.1871528625488281
-0.16245555877685547 0.49999526143074036 -0.8506544232368469
0.42532268166542053 0.30901139974594116 -0.8506541848182678
0.26473596692085266 0.8920124769210815 -1.1871528625488281
0.26286882162094116 0.8090116381645203 -0.5257376432418823
-0.276388019323349 0.8506492376327515 -0.4472198486328125
-0.055588893592357635 1.1422408819198608 -1.0213313102722168
-0.16245555877685547 0.49999526143074036 -0.8506544232368469
0.26286882162094116 0.8090116381645203 -0.5257376432418823
-0.055588893592357635 1.1422408819198608 -1.0213313102722168
-0.276388019323349 0.8506492376327515 -0.4472198486328125
-0.16245555877685547 0.49999526143074036 -0.8506544232368469
-0.055588893592357635 1.1422408819198608 -1.0213313102722168
0.26286882162094116 0.8090116381645203 -0.5257376432418823
-0.6881893873214722 0.49999693036079407 -0.5257362127304077
-0.6433389186859131 1.019270420074463 -1.0213308334350586
-0.16245555877685547 0.49999526143074036 -0.8506544232368469
-0.276388019323349 0.8506492376327515 -0.4472198486328125
-0.6433389186859131 1.019270420074463 -1.0213308334350586
-0.6881893873214722 0.49999693036079407 -0.5257362127304077
-0.16245555877685547 0.49999526143074036 -0.8506544232368469
-0.6433389186859131 1.019270420074463 -1.0213308334350586
-0.276388019323349 0.8506492376327515 -0.4472198486328125
-0.525729775428772 0.0 -0.8506516814231873
-0.7336916923522949 0.5035507082939148 -1.1871517896652222
-0.16245555877685547 0.49999526143074036 -0.8506544232368469
-0.6881893873214722 0.49999693036079407 -0.5257362127304077
-0.7336916923522949 0.5035507082939148 -1.1871517896652222
-0.525729775428772 0.0 -0.8506516814231873
-0.16245555877685547 0.49999526143074036 -0.8506544232368469
-0.7336916923522949 0.5035507082939148 -1.1871517896652222
-0.6881893873214722 0.49999693036079407 -0.5257362127304077
-0.8944262266159058 0.0 -0.44721561670303345
-1.1363778114318848 0.3239694833755493 -1.0213261842727661
-0.525729775428772 0.0 -0.8506516814231873
-0.6881893873214722 0.49999693036079407 -0.5257362127304077
-1.1363778114318848 0.3239694833755493 -1.0213261842727661
-0.8944262266159058 0.0 -0.44721561670303345
-0.525729775428772 0.0 -0.8506516814231873
-1.1363778114318848 0.3239694833755493 -1.0213261842727661
-0.6881893873214722 0.49999693036079407 -0.5257362127304077
-0.6881893873214722 -0.49999693036079407 -0.5257362127304077
-1.1363778114318848 -0.3239694833755493 -1.0213261842727661
-0.525729775428772 0.0 -0.8506516814231873
-0.8944262266159058 0.0 -0.44721561670303345
-1.1363778114318848 -0.3239694833755493 -1.0213261842727661
-0.6881893873214722 -0.49999693036079407 -0.5257362127304077
-0.525729775428772 0.0 -0.8506516814231873
-1.1363778114318848 -0.3239694833755493 -1.0213261842727661
-0.8944262266159058 0.0 -0.44721561670303345
-0.16245555877685547 -0.49999526143074036 -0.8506544232368469
-0.7336916327476501 -0.5035507082939148 -1.1871517896652222
-0.525729775428772 0.0 -0.8506516814231873
-0.6881893873214722 -0.49999693036079407 -0.5257362127304077
-0.7336916327476501 -0.5035507082939148 -1.1871517896652222
-0.16245555877685547 -0.49999526143074036 -0.8506544232368469
-0.525729775428772 0.0 -0.8506516814231873
-0.7336916327476501 -0.5035507082939148 -1.1871517896652222
-0.6881893873214722 -0.49999693036079407 -0.5257362127304077
-0.276388019323349 -0.8506492376327515 -0.4472198486328125
-0.6433389186859131 -1.019270420074463 -1.0213308334350586
-0.16245555877685547 -0.49999526143074036 -0.8506544232368469
-0.6881893873214722 -0.49999693036079407 -0.5257362127304077
-0.6433389186859131 -1.019270420074463 -1.0213308334350586
-0.276388019323349 -0.8506492376327515 -0.4472198486328125
-0.16245555877685547 -0.49999526143074036 -0.8506544232368469
-0.6433389186859131 -1.019270420074463 -1.0213308334350586
-0.6881893873214722 -0.49999693036079407 -0.5257362127304077
0.42532268166542053 0.30901139974594116 -0.8506541848182678
1.0680599212646484 0.42971569299697876 -1.0213308334350586
0.8506478667259216 0.0 -0.5257359147071838
0.7236073017120361 0.5257253050804138 -0.44721952080726624
1.0680599212646484 0.42971569299697876 -1.0213308334350586
0.42532268166542053 0.30901139974594116 -0.8506541848182678
0.8506478667259216 0.0 -0.5257359147071838
1.0680599212646484 0.42971569299697876 -1.0213308334350586
0.7236073017120361 0.5257253050804138 -0.44721952080726624
0.42532268166542053 -0.30901139974594116 -0.8506541848182678
0.963023841381073 0.0 -1.1871508359909058
0.8506478667259216 0.0 -0.5257359147071838
0.42532268166542053 0.30901139974594116 -0.8506541848182678
0.963023841381073 0.0 -1.1871508359909058
0.42532268166542053 -0.30901139974594116 -0.8506541848182678
0.8506478667259216 0.0 -0.5257359147071838
0.963023841381073 0.0 -1.1871508359909058
0.42532268166542053 0.30901139974594116 -0.8506541848182678
0.0 0.0 -1.0
0.44483888149261475 0.0 -1.4731613397598267
0.42532268166542053 -0.30901139974594116 -0.8506541848182678
0.42532268166542053 0.30901139974594116 -0.8506541848182678
0.44483888149261475 0.0 -1.4731613397598267
0.0 0.0 -1.0
0.42532268166542053 -0.30901139974594116 -0.8506541848182678
0.44483888149261475 0.0 -1.4731613397598267
0.42532268166542053 0.30901139974594116 -0.8506541848182678
0.26286882162094116 -0.8090116381645203 -0.5257376432418823
-0.055588893592357635 -1.1422408819198608 -1.0213313102722168
-0.16245555877685547 -0.49999526143074036 -0.8506544232368469
-0.276388019323349 -0.8506492376327515 -0.4472198486328125
-0.055588893592357635 -1.1422408819198608 -1.0213313102722168
0.26286882162094116 -0.8090116381645203 -0.5257376432418823
-0.16245555877685547 -0.49999526143074036 -0.8506544232368469
-0.055588893592357635 -1.1422408819198608 -1.0213313102722168
-0.276388019323349 -0.8506492376327515 -0.4472198486328125
0.42532268166542053 -0.30901139974594116 -0.8506541848182678
0.26473596692085266 -0.8920125365257263 -1.1871528625488281
-0.16245555877685547 -0.49999526143074036 -0.8506544232368469
0.26286882162094116 -0.8090116381645203 -0.5257376432418823
0.26473596692085266 -0.8920125365257263 -1.1871528625488281
0.42532268166542053 -0.30901139974594116 -0.8506541848182678
-0.16245555877685547 -0.49999526143074036 -0.8506544232368469
0.26473596692085266 -0.8920125365257263 -1.1871528625488281
0.26286882162094116 -0.8090116381645203 -0.5257376432418823
0.7236073017120361 -0.5257253050804138 -0.44721952080726624
0.7617841958999634 -0.8997312188148499 -1.0213309526443481
0.42532268166542053 -0.30901139974594116 -0.8506541848182678
0.26286882162094116 -0.8090116381645203 -0.5257376432418823
0.7617841958999634 -0.8997312188148499 -1.0213309526443481
0.7236073017120361 -0.5257253050804138 -0.44721952080726624
0.42532268166542053 -0.30901139974594116 -0.8506541848182678
0.7617841958999634 -0.8997312188148499 -1.0213309526443481
0.26286882162094116 -0.8090116381645203 -0.5257376432418823
