162
0.0 0.0 -1.0 0 0 0 1.0 0.0 0.0
0.7236073017120361 -0.5257253050804138 -0.44721952080726624 0 0 0 1.0 0.0 0.0
-0.276388019323349 -0.8506492376327515 -0.4472198486328125 0 0 0 1.0 0.0 0.0
-0.8944262266159058 0.0 -0.44721561670303345 0 0 0 1.0 0.0 0.0
-0.276388019323349 0.8506492376327515 -0.4472198486328125 0 0 0 1.0 0.0 0.0
0.7236073017120361 0.5257253050804138 -0.44721952080726624 0 0 0 1.0 0.0 0.0
0.276388019323349 -0.8506492376327515 0.4472198486328125 0 0 0 1.0 0.0 0.0
-0.7236073017120361 -0.5257253050804138 0.44721952080726624 0 0 0 1.0 0.0 0.0
-0.7236073017120361 0.5257253050804138 0.44721952080726624 0 0 0 1.0 0.0 0.0
0.276388019323349 0.8506492376327515 0.4472198486328125 0 0 0 1.0 0.0 0.0
0.8944262266159058 0.0 0.44721561670303345 0 0 0 1.0 0.0 0.0
0.0 0.0 1.0 0 0 0 1.0 0.0 0.0
-0.232821524143219 -0.7165631055831909 -0.6575192213058472 0 0 0 1.0 0.0 0.0
-0.16245555877685547 -0.49999523162841797 -0.8506544232368469 0 0 0 1.0 0.0 0.0
-0.07760664075613022 -0.23885270953178406 -0.9679496884346008 0 0 0 1.0 0.0 0.0
0.20318090915679932 -0.14761784672737122 -0.9679495692253113 0 0 0 1.0 0.0 0.0
0.42532268166542053 -0.3090113699436188 -0.8506541848182678 0 0 0 1.0 0.0 0.0
0.6095466613769531 -0.44285640120506287 -0.6575188636779785 0 0 0 1.0 0.0 0.0
0.5319408774375916 -0.6817123889923096 -0.5023016929626465 0 0 0 1.0 0.0 0.0
0.26286882162094116 -0.8090116381645203 -0.5257376432418823 0 0 0 1.0 0.0 0.0
-0.02963927388191223 -0.8641842007637024 -0.5023019313812256 0 0 0 1.0 0.0 0.0
0.8127292394638062 0.2952377200126648 -0.5023006200790405 0 0 0 1.0 0.0 0.0
0.8506478667259216 0.0 -0.5257359147071838 0 0 0 1.0 0.0 0.0
0.8127292394638062 -0.2952377200126648 -0.5023006200790405 0 0 0 1.0 0.0 0.0
0.20318090915679932 0.14761784672737122 -0.9679495692253113 0 0 0 1.0 0.0 0.0
0.42532268166542053 0.3090113699436188 -0.8506541848182678 0 0 0 1.0 0.0 0.0
0.6095466613769531 0.44285640120506287 -0.6575188636779785 0 0 0 1.0 0.0 0.0
-0.7534416913986206 0.0 -0.657514750957489 0 0 0 1.0 0.0 0.0
-0.525729775428772 0.0 -0.8506516814231873 0 0 0 1.0 0.0 0.0
-0.25114697217941284 0.0 -0.967948853969574 0 0 0 1.0 0.0 0.0
-0.48397141695022583 -0.7165645360946655 -0.5023016929626465 0 0 0 1.0 0.0 0.0
-0.6881893873214722 -0.4999969005584717 -0.5257362127304077 0 0 0 1.0 0.0 0.0
-0.8310506343841553 -0.23885339498519897 -0.5022986531257629 0 0 0 1.0 0.0 0.0
-0.232821524143219 0.7165631055831909 -0.6575192213058472 0 0 0 1.0 0.0 0.0
-0.16245555877685547 0.49999523162841797 -0.8506544232368469 0 0 0 1.0 0.0 0.0
-0.07760664075613022 0.23885270953178406 -0.9679496884346008 0 0 0 1.0 0.0 0.0
-0.8310506343841553 0.23885340988636017 -0.5022986531257629 0 0 0 1.0 0.0 0.0
-0.6881893873214722 0.49999693036079407 -0.5257362127304077 0 0 0 1.0 0.0 0.0
-0.48397141695022583 0.7165645360946655 -0.5023016929626465 0 0 0 1.0 0.0 0.0
-0.02963927388191223 0.8641842007637024 -0.5023019313812256 0 0 0 1.0 0.0 0.0
0.26286882162094116 0.809011697769165 -0.5257376432418823 0 0 0 1.0 0.0 0.0
0.5319408774375916 0.6817124485969543 -0.5023016929626465 0 0 0 1.0 0.0 0.0
0.956625759601593 -0.147618368268013 0.251149445772171 0 0 0 1.0 0.0 0.0
0.9510578513145447 -0.30901262164115906 -1.751748790468355e-08 0 0 0 1.0 0.0 0.0
0.8606976270675659 -0.4428575336933136 -0.25115084648132324 0 0 0 1.0 0.0 0.0
0.8606976270675659 0.4428575336933136 -0.25115084648132324 0 0 0 1.0 0.0 0.0
0.9510578513145447 0.30901262164115906 1.751748790468355e-08 0 0 0 1.0 0.0 0.0
0.956625759601593 0.147618368268013 0.251149445772171 0 0 0 1.0 0.0 0.0
0.1552150994539261 -0.955422043800354 0.25115153193473816 0 0 0 1.0 0.0 0.0
0.0 -0.9999999403953552 -1.7517587380666555e-08 0 0 0 1.0 0.0 0.0
-0.1552150994539261 -0.955422043800354 -0.25115153193473816 0 0 0 1.0 0.0 0.0
0.6871585845947266 -0.6817153096199036 -0.2511519193649292 0 0 0 1.0 0.0 0.0
0.5877856016159058 -0.8090167045593262 1.7517638895014898e-08 0 0 0 1.0 0.0 0.0
0.4360068142414093 -0.8641878962516785 0.25115203857421875 0 0 0 1.0 0.0 0.0
-0.8606976270675659 -0.4428575336933136 0.25115084648132324 0 0 0 1.0 0.0 0.0
-0.9510578513145447 -0.30901262164115906 -1.751748790468355e-08 0 0 0 1.0 0.0 0.0
-0.956625759601593 -0.147618368268013 -0.251149445772171 0 0 0 1.0 0.0 0.0
-0.4360068142414093 -0.8641878962516785 -0.25115203857421875 0 0 0 1.0 0.0 0.0
-0.5877856016159058 -0.809016764163971 1.7517638895014898e-08 0 0 0 1.0 0.0 0.0
-0.6871585249900818 -0.6817153096199036 0.2511518895626068 0 0 0 1.0 0.0 0.0
-0.6871585845947266 0.6817153096199036 0.2511519193649292 0 0 0 1.0 0.0 0.0
-0.5877856016159058 0.8090167045593262 -1.7517638895014898e-08 0 0 0 1.0 0.0 0.0
-0.4360068142414093 0.8641878962516785 -0.25115203857421875 0 0 0 1.0 0.0 0.0
-0.956625759601593 0.147618368268013 -0.251149445772171 0 0 0 1.0 0.0 0.0
-0.9510578513145447 0.30901262164115906 1.751748790468355e-08 0 0 0 1.0 0.0 0.0
-0.8606976270675659 0.4428575336933136 0.25115084648132324 0 0 0 1.0 0.0 0.0
0.4360068142414093 0.8641878962516785 0.25115203857421875 0 0 0 1.0 0.0 0.0
0.5877856016159058 0.809016764163971 -1.7517638895014898e-08 0 0 0 1.0 0.0 0.0
0.6871585249900818 0.6817153096199036 -0.2511518895626068 0 0 0 1.0 0.0 0.0
-0.1552150994539261 0.955422043800354 -0.25115153193473816 0 0 0 1.0 0.0 0.0
0.0 0.9999999403953552 1.7517587380666555e-08 0 0 0 1.0 0.0 0.0
0.1552150994539261 0.955422043800354 0.25115153193473816 0 0 0 1.0 0.0 0.0
0.8310506343841553 -0.23885340988636017 0.5022986531257629 0 0 0 1.0 0.0 0.0
0.6881893873214722 -0.49999693036079407 0.5257362127304077 0 0 0 1.0 0.0 0.0
0.48397141695022583 -0.7165645360946655 0.5023016929626465 0 0 0 1.0 0.0 0.0
0.02963927388191223 -0.8641842007637024 0.5023019313812256 0 0 0 1.0 0.0 0.0
-0.26286882162094116 -0.809011697769165 0.5257376432418823 0 0 0 1.0 0.0 0.0
-0.5319408774375916 -0.6817124485969543 0.5023016929626465 0 0 0 1.0 0.0 0.0
-0.8127292394638062 -0.2952377200126648 0.5023006200790405 0 0 0 1.0 0.0 0.0
-0.8506478667259216 0.0 0.5257359147071838 0 0 0 1.0 0.0 0.0
-0.8127292394638062 0.2952377200126648 0.5023006200790405 0 0 0 1.0 0.0 0.0
-0.5319408774375916 0.6817123889923096 0.5023016929626465 0 0 0 1.0 0.0 0.0
-0.26286882162094116 0.8090116381645203 0.5257376432418823 0 0 0 1.0 0.0 0.0
0.02963927388191223 0.8641842007637024 0.5023019313812256 0 0 0 1.0 0.0 0.0
0.48397141695022583 0.7165645360946655 0.5023016929626465 0 0 0 1.0 0.0 0.0
0.6881893873214722 0.4999969005584717 0.5257362127304077 0 0 0 1.0 0.0 0.0
0.8310506343841553 0.23885339498519897 0.5022986531257629 0 0 0 1.0 0.0 0.0
0.07760664075613022 -0.23885272443294525 0.9679496884346008 0 0 0 1.0 0.0 0.0
0.16245555877685547 -0.49999526143074036 0.8506544232368469 0 0 0 1.0 0.0 0.0
0.232821524143219 -0.7165631055831909 0.6575192213058472 0 0 0 1.0 0.0 0.0
0.7534416913986206 0.0 0.657514750957489 0 0 0 1.0 0.0 0.0
0.525729775428772 0.0 0.8506516814231873 0 0 0 1.0 0.0 0.0
0.25114697217941284 0.0 0.967948853969574 0 0 0 1.0 0.0 0.0
-0.20318090915679932 -0.14761784672737122 0.9679495692253113 0 0 0 1.0 0.0 0.0
-0.42532268166542053 -0.3090113699436188 0.8506541848182678 0 0 0 1.0 0.0 0.0
-0.6095466613769531 -0.44285640120506287 0.6575188636779785 0 0 0 1.0 0.0 0.0
-0.20318090915679932 0.14761784672737122 0.9679495692253113 0 0 0 1.0 0.0 0.0
-0.42532268166542053 0.3090113699436188 0.8506541848182678 0 0 0 1.0 0.0 0.0
-0.6095466613769531 0.44285640120506287 0.6575188636779785 0 0 0 1.0 0.0 0.0
0.07760664075613022 0.23885272443294525 0.9679496884346008 0 0 0 1.0 0.0 0.0
0.16245555877685547 0.49999526143074036 0.8506544232368469 0 0 0 1.0 0.0 0.0
0.232821524143219 0.7165631055831909 0.6575192213058472 0 0 0 1.0 0.0 0.0
0.36180031299591064 0.2628629505634308 0.8944292068481445 0 0 0 1.0 0.0 0.0
0.6381935477256775 0.2628641128540039 0.7236100435256958 0 0 0 1.0 0.0 0.0
0.4472091495990753 0.525728166103363 0.72361159324646 0 0 0 1.0 0.0 0.0
-0.13819725811481476 0.42531949281692505 0.8944299221038818 0 0 0 1.0 0.0 0.0
-0.05278957262635231 0.688184916973114 0.723612368106842 0 0 0 1.0 0.0 0.0
-0.36180368065834045 0.5877784490585327 0.7236122488975525 0 0 0 1.0 0.0 0.0
-0.447209894657135 0.0 0.894429087638855 0 0 0 1.0 0.0 0.0
-0.6708166003227234 0.16245703399181366 0.7236108779907227 0 0 0 1.0 0.0 0.0
-0.6708166003227234 -0.16245703399181366 0.7236108779907227 0 0 0 1.0 0.0 0.0
-0.13819728791713715 -0.42531949281692505 0.8944299221038818 0 0 0 1.0 0.0 0.0
-0.36180368065834045 -0.5877784490585327 0.7236122488975525 0 0 0 1.0 0.0 0.0
-0.05278957262635231 -0.688184916973114 0.723612368106842 0 0 0 1.0 0.0 0.0
0.36180031299591064 -0.2628629505634308 0.8944292068481445 0 0 0 1.0 0.0 0.0
0.4472092092037201 -0.525728166103363 0.7236116528511047 0 0 0 1.0 0.0 0.0
0.6381935477256775 -0.2628640830516815 0.7236100435256958 0 0 0 1.0 0.0 0.0
0.861804187297821 0.4253219664096832 0.2763962149620056 0 0 0 1.0 0.0 0.0
0.8090192675590515 0.587782084941864 0.0 0 0 0 1.0 0.0 0.0
0.6708205342292786 0.6881891489028931 0.2763974070549011 0 0 0 1.0 0.0 0.0
-0.13819852471351624 0.951055109500885 0.27639707922935486 0 0 0 1.0 0.0 0.0
-0.30901646614074707 0.9510566592216492 -4.919724574392603e-07 0 0 0 1.0 0.0 0.0
-0.4472150504589081 0.8506487607955933 0.2763972580432892 0 0 0 1.0 0.0 0.0
-0.9472132325172424 0.1624576300382614 0.27639588713645935 0 0 0 1.0 0.0 0.0
-0.9999999403953552 -3.6077901199860207e-07 6.231637144082924e-07 0 0 0 1.0 0.0 0.0
-0.9472129344940186 -0.1624578833580017 0.27639657258987427 0 0 0 1.0 0.0 0.0
-0.4472157657146454 -0.8506484031677246 0.27639684081077576 0 0 0 1.0 0.0 0.0
-0.3090171813964844 -0.9510564208030701 -7.871547040849691e-07 0 0 0 1.0 0.0 0.0
-0.13819925487041473 -0.951055109500885 0.276396781206131 0 0 0 1.0 0.0 0.0
0.6708203554153442 -0.6881897449493408 0.27639615535736084 0 0 0 1.0 0.0 0.0
0.8090186715126038 -0.5877829790115356 -1.9022904780285899e-06 0 0 0 1.0 0.0 0.0
0.8618041276931763 -0.4253231883049011 0.27639442682266235 0 0 0 1.0 0.0 0.0
0.30901721119880676 0.9510564208030701 -2.614881171292792e-14 0 0 0 1.0 0.0 0.0
0.44721558690071106 0.8506484031677246 -0.276397705078125 0 0 0 1.0 0.0 0.0
0.1381990760564804 0.9510549306869507 -0.2763975262641907 0 0 0 1.0 0.0 0.0
-0.8090184330940247 0.5877832770347595 -7.844648596076059e-14 0 0 0 1.0 0.0 0.0
-0.6708189845085144 0.6881906986236572 -0.2763972878456116 0 0 0 1.0 0.0 0.0
-0.8618031144142151 0.4253239333629608 -0.27639633417129517 0 0 0 1.0 0.0 0.0
-0.8090184330940247 -0.5877832770347595 8.03142613720921e-14 0 0 0 1.0 0.0 0.0
-0.8618031740188599 -0.4253239631652832 -0.27639633417129517 0 0 0 1.0 0.0 0.0
-0.6708190441131592 -0.6881906986236572 -0.2763972878456116 0 0 0 1.0 0.0 0.0
0.30901721119880676 -0.9510564208030701 2.8016583736127643e-14 0 0 0 1.0 0.0 0.0
0.1381990909576416 -0.9510549306869507 -0.2763975262641907 0 0 0 1.0 0.0 0.0
0.44721561670303345 -0.8506482839584351 -0.276397705078125 0 0 0 1.0 0.0 0.0
1.0 0.0 0.0 0 0 0 1.0 0.0 0.0
0.9472132325172424 -0.16245754063129425 -0.2763960361480713 0 0 0 1.0 0.0 0.0
0.9472132325172424 0.16245757043361664 -0.2763960361480713 0 0 0 1.0 0.0 0.0
0.36180347204208374 0.5877792239189148 -0.72361159324646 0 0 0 1.0 0.0 0.0
0.13819679617881775 0.4253213107585907 -0.894429087638855 0 0 0 1.0 0.0 0.0
0.05278909578919411 0.6881862878799438 -0.7236109375953674 0 0 0 1.0 0.0 0.0
-0.4472105801105499 0.5257270932197571 -0.7236115336418152 0 0 0 1.0 0.0 0.0
-0.3618012070655823 0.26286253333091736 -0.8944289088249207 0 0 0 1.0 0.0 0.0
-0.638194739818573 0.26286283135414124 -0.723609447479248 0 0 0 1.0 0.0 0.0
-0.6381945610046387 -0.2628636956214905 -0.7236092686653137 0 0 0 1.0 0.0 0.0
-0.3618013262748718 -0.262864351272583 -0.8944283723831177 0 0 0 1.0 0.0 0.0
-0.44721052050590515 -0.5257286429405212 -0.7236104607582092 0 0 0 1.0 0.0 0.0
0.6708170175552368 0.16245679557323456 -0.7236106395721436 0 0 0 1.0 0.0 0.0
0.6708175539970398 -0.16245774924755096 -0.7236100435256958 0 0 0 1.0 0.0 0.0
0.44721096754074097 -7.379555313491437e-07 -0.8944284915924072 0 0 0 1.0 0.0 0.0
0.05279035121202469 -0.6881853342056274 -0.7236117720603943 0 0 0 1.0 0.0 0.0
0.13819868862628937 -0.4253206253051758 -0.8944291472434998 0 0 0 1.0 0.0 0.0
0.3618049621582031 -0.58777916431427 -0.7236109375953674 0 0 0 1.0 0.0 0.0
320
0 15 14
1 17 23
0 14 29
0 29 35
0 35 24
1 23 44
2 20 50
3 32 56
4 38 62
5 41 68
1 44 51
2 50 57
3 56 63
4 62 69
5 68 45
6 74 89
7 77 95
8 80 98
9 83 101
10 86 90
92 99 11
91 102 92
90 103 91
92 102 99
102 100 99
91 103 102
103 104 102
102 104 100
104 101 100
90 86 103
86 85 103
103 85 104
85 84 104
104 84 101
84 9 101
99 96 11
100 105 99
101 106 100
99 105 96
105 97 96
100 106 105
106 107 105
105 107 97
107 98 97
101 83 106
83 82 106
106 82 107
82 81 107
107 81 98
81 8 98
96 93 11
97 108 96
98 109 97
96 108 93
108 94 93
97 109 108
109 110 108
108 110 94
110 95 94
98 80 109
80 79 109
109 79 110
79 78 110
110 78 95
78 7 95
93 87 11
94 111 93
95 112 94
93 111 87
111 88 87
94 112 111
112 113 111
111 113 88
113 89 88
95 77 112
77 76 112
112 76 113
76 75 113
113 75 89
75 6 89
87 92 11
88 114 87
89 115 88
87 114 92
114 91 92
88 115 114
115 116 114
114 116 91
116 90 91
89 74 115
74 73 115
115 73 116
73 72 116
116 72 90
72 10 90
47 86 10
46 117 47
45 118 46
47 117 86
117 85 86
46 118 117
118 119 117
117 119 85
119 84 85
45 68 118
68 67 118
118 67 119
67 66 119
119 66 84
66 9 84
71 83 9
70 120 71
69 121 70
71 120 83
120 82 83
70 121 120
121 122 120
120 122 82
122 81 82
69 62 121
62 61 121
121 61 122
61 60 122
122 60 81
60 8 81
65 80 8
64 123 65
63 124 64
65 123 80
123 79 80
64 124 123
124 125 123
123 125 79
125 78 79
63 56 124
56 55 124
124 55 125
55 54 125
125 54 78
54 7 78
59 77 7
58 126 59
57 127 58
59 126 77
126 76 77
58 127 126
127 128 126
126 128 76
128 75 76
57 50 127
50 49 127
127 49 128
49 48 128
128 48 75
48 6 75
53 74 6
52 129 53
51 130 52
53 129 74
129 73 74
52 130 129
130 131 129
129 131 73
131 72 73
51 44 130
44 43 130
130 43 131
43 42 131
131 42 72
42 10 72
66 71 9
67 132 66
68 133 67
66 132 71
132 70 71
67 133 132
133 134 132
132 134 70
134 69 70
68 41 133
41 40 133
133 40 134
40 39 134
134 39 69
39 4 69
60 65 8
61 135 60
62 136 61
60 135 65
135 64 65
61 136 135
136 137 135
135 137 64
137 63 64
62 38 136
38 37 136
136 37 137
37 36 137
137 36 63
36 3 63
54 59 7
55 138 54
56 139 55
54 138 59
138 58 59
55 139 138
139 140 138
138 140 58
140 57 58
56 32 139
32 31 139
139 31 140
31 30 140
140 30 57
30 2 57
48 53 6
49 141 48
50 142 49
48 141 53
141 52 53
49 142 141
142 143 141
141 143 52
143 51 52
50 20 142
20 19 142
142 19 143
19 18 143
143 18 51
18 1 51
42 47 10
43 144 42
44 145 43
42 144 47
144 46 47
43 145 144
145 146 144
144 146 46
146 45 46
44 23 145
23 22 145
145 22 146
22 21 146
146 21 45
21 5 45
26 41 5
25 147 26
24 148 25
26 147 41
147 40 41
25 148 147
148 149 147
147 149 40
149 39 40
24 35 148
35 34 148
148 34 149
34 33 149
149 33 39
33 4 39
33 38 4
34 150 33
35 151 34
33 150 38
150 37 38
34 151 150
151 152 150
150 152 37
152 36 37
35 29 151
29 28 151
151 28 152
28 27 152
152 27 36
27 3 36
27 32 3
28 153 27
29 154 28
27 153 32
153 31 32
28 154 153
154 155 153
153 155 31
155 30 31
29 14 154
14 13 154
154 13 155
13 12 155
155 12 30
12 2 30
21 26 5
22 156 21
23 157 22
21 156 26
156 25 26
22 157 156
157 158 156
156 158 25
158 24 25
23 17 157
17 16 157
157 16 158
16 15 158
158 15 24
15 0 24
12 20 2
13 159 12
14 160 13
12 159 20
159 19 20
13 160 159
160 161 159
159 161 19
161 18 19
14 15 160
15 16 160
160 16 161
16 17 161
161 17 18
17 1 18
480
29 14 0 15
18 17 1 23
12 20 2 50
44 23 1 17
21 26 5 41
35 29 0 14
27 32 3 56
24 35 0 29
33 38 4 62
26 41 5 68
51 44 1 23
42 47 10 86
57 50 2 20
48 53 6 74
63 56 3 32
54 59 7 77
69 62 4 38
60 65 8 80
45 68 5 41
66 71 9 83
53 74 6 89
59 77 7 95
65 80 8 98
71 83 9 101
47 86 10 90
75 89 6 74
87 92 11 99
78 95 7 77
81 98 8 80
84 101 9 83
20 2 12 30
159 12 13 155
160 13 14 154
24 0 15 14
160 15 16 158
161 16 17 157
17 1 18 51
161 18 19 143
159 19 20 142
26 5 21 45
156 21 22 146
157 22 23 145
15 0 24 35
158 24 25 148
156 25 26 147
32 3 27 36
153 27 28 152
154 28 29 151
12 2 30 57
155 30 31 140
153 31 32 139
38 4 33 39
150 33 34 149
151 34 35 148
27 3 36 63
152 36 37 137
150 37 38 136
33 4 39 69
149 39 40 134
147 40 41 133
47 10 42 72
144 42 43 131
145 43 44 130
21 5 45 68
146 45 46 118
144 46 47 117
53 6 48 75
141 48 49 128
142 49 50 127
18 1 51 44
143 51 52 130
141 52 53 129
59 7 54 78
138 54 55 125
139 55 56 124
30 2 57 50
140 57 58 127
138 58 59 126
65 8 60 81
135 60 61 122
136 61 62 121
36 3 63 56
137 63 64 124
135 64 65 123
71 9 66 84
132 66 67 119
133 67 68 118
39 4 69 62
134 69 70 121
132 70 71 120
42 10 72 90
131 72 73 116
129 73 74 115
48 6 75 89
128 75 76 113
126 76 77 112
54 7 78 95
125 78 79 110
123 79 80 109
60 8 81 98
122 81 82 107
120 82 83 106
66 9 84 101
119 84 85 104
117 85 86 103
92 11 87 93
114 87 88 111
115 88 89 113
72 10 90 86
116 90 91 103
114 91 92 102
87 11 93 96
111 93 94 108
112 94 95 110
93 11 96 99
108 96 97 105
109 97 98 107
96 11 99 92
105 99 100 102
106 100 101 104
102 92 99 11
104 102 100 99
103 91 102 92
84 104 101 100
86 90 103 91
85 103 104 102
99 92 102 91
100 99 102 92
102 91 103 90
104 102 103 91
100 102 104 103
101 100 104 102
103 90 86 10
85 103 86 90
104 103 85 86
84 104 85 103
101 104 84 85
9 101 84 104
105 99 96 11
107 105 97 96
106 100 105 99
81 107 98 97
83 101 106 100
82 106 107 105
96 99 105 100
97 96 105 99
105 100 106 101
107 105 106 100
97 105 107 106
98 97 107 105
106 101 83 9
82 106 83 101
107 106 82 83
81 107 82 106
98 107 81 82
8 98 81 107
108 96 93 11
110 108 94 93
109 97 108 96
78 110 95 94
80 98 109 97
79 109 110 108
93 96 108 97
94 93 108 96
108 97 109 98
110 108 109 97
94 108 110 109
95 94 110 108
109 98 80 8
79 109 80 98
110 109 79 80
78 110 79 109
95 110 78 79
7 95 78 110
111 93 87 11
113 111 88 87
112 94 111 93
75 113 89 88
77 95 112 94
76 112 113 111
87 93 111 94
88 87 111 93
111 94 112 95
113 111 112 94
88 111 113 112
89 88 113 111
112 95 77 7
76 112 77 95
113 112 76 77
75 113 76 112
89 113 75 76
6 89 75 113
114 87 92 11
116 114 91 92
115 88 114 87
72 116 90 91
74 89 115 88
73 115 116 114
92 87 114 88
91 92 114 87
114 88 115 89
116 114 115 88
91 114 116 115
90 91 116 114
115 89 74 6
73 115 74 89
116 115 73 74
72 116 73 115
90 116 72 73
10 90 72 116
117 47 86 10
119 117 85 86
118 46 117 47
66 119 84 85
68 45 118 46
67 118 119 117
86 47 117 46
85 86 117 47
117 46 118 45
119 117 118 46
85 117 119 118
84 85 119 117
118 45 68 5
67 118 68 45
119 118 67 68
66 119 67 118
84 119 66 67
9 84 66 119
120 71 83 9
122 120 82 83
121 70 120 71
60 122 81 82
62 69 121 70
61 121 122 120
83 71 120 70
82 83 120 71
120 70 121 69
122 120 121 70
82 120 122 121
81 82 122 120
121 69 62 4
61 121 62 69
122 121 61 62
60 122 61 121
81 122 60 61
8 81 60 122
123 65 80 8
125 123 79 80
124 64 123 65
54 125 78 79
56 63 124 64
55 124 125 123
80 65 123 64
79 80 123 65
123 64 124 63
125 123 124 64
79 123 125 124
78 79 125 123
124 63 56 3
55 124 56 63
125 124 55 56
54 125 55 124
78 125 54 55
7 78 54 125
126 59 77 7
128 126 76 77
127 58 126 59
48 128 75 76
50 57 127 58
49 127 128 126
77 59 126 58
76 77 126 59
126 58 127 57
128 126 127 58
76 126 128 127
75 76 128 126
127 57 50 2
49 127 50 57
128 127 49 50
48 128 49 127
75 128 48 49
6 75 48 128
129 53 74 6
131 129 73 74
130 52 129 53
42 131 72 73
44 51 130 52
43 130 131 129
74 53 129 52
73 74 129 53
129 52 130 51
131 129 130 52
73 129 131 130
72 73 131 129
130 51 44 1
43 130 44 51
131 130 43 44
42 131 43 130
72 131 42 43
10 72 42 131
132 66 71 9
134 132 70 71
133 67 132 66
39 134 69 70
41 68 133 67
40 133 134 132
71 66 132 67
70 71 132 66
132 67 133 68
134 132 133 67
70 132 134 133
69 70 134 132
133 68 41 5
40 133 41 68
134 133 40 41
39 134 40 133
69 134 39 40
4 69 39 134
135 60 65 8
137 135 64 65
136 61 135 60
36 137 63 64
38 62 136 61
37 136 137 135
65 60 135 61
64 65 135 60
135 61 136 62
137 135 136 61
64 135 137 136
63 64 137 135
136 62 38 4
37 136 38 62
137 136 37 38
36 137 37 136
63 137 36 37
3 63 36 137
138 54 59 7
140 138 58 59
139 55 138 54
30 140 57 58
32 56 139 55
31 139 140 138
59 54 138 55
58 59 138 54
138 55 139 56
140 138 139 55
58 138 140 139
57 58 140 138
139 56 32 3
31 139 32 56
140 139 31 32
30 140 31 139
57 140 30 31
2 57 30 140
141 48 53 6
143 141 52 53
142 49 141 48
18 143 51 52
20 50 142 49
19 142 143 141
53 48 141 49
52 53 141 48
141 49 142 50
143 141 142 49
52 141 143 142
51 52 143 141
142 50 20 2
19 142 20 50
143 142 19 20
18 143 19 142
51 143 18 19
1 51 18 143
144 42 47 10
146 144 46 47
145 43 144 42
21 146 45 46
23 44 145 43
22 145 146 144
47 42 144 43
46 47 144 42
144 43 145 44
146 144 145 43
46 144 146 145
45 46 146 144
145 44 23 1
22 145 23 44
146 145 22 23
21 146 22 145
45 146 21 22
5 45 21 146
147 26 41 5
149 147 40 41
148 25 147 26
33 149 39 40
35 24 148 25
34 148 149 147
41 26 147 25
40 41 147 26
147 25 148 24
149 147 148 25
40 147 149 148
39 40 149 147
148 24 35 0
34 148 35 24
149 148 34 35
33 149 34 148
39 149 33 34
4 39 33 149
150 33 38 4
152 150 37 38
151 34 150 33
27 152 36 37
29 35 151 34
28 151 152 150
38 33 150 34
37 38 150 33
150 34 151 35
152 150 151 34
37 150 152 151
36 37 152 150
151 35 29 0
28 151 29 35
152 151 28 29
27 152 28 151
36 152 27 28
3 36 27 152
153 27 32 3
155 153 31 32
154 28 153 27
12 155 30 31
14 29 154 28
13 154 155 153
32 27 153 28
31 32 153 27
153 28 154 29
155 153 154 28
31 153 155 154
30 31 155 153
154 29 14 0
13 154 14 29
155 154 13 14
12 155 13 154
30 155 12 13
2 30 12 155
156 21 26 5
158 156 25 26
157 22 156 21
15 158 24 25
17 23 157 22
16 157 158 156
26 21 156 22
25 26 156 21
156 22 157 23
158 156 157 22
25 156 158 157
24 25 158 156
157 23 17 1
16 157 17 23
158 157 16 17
15 158 16 157
24 158 15 16
0 24 15 158
159 12 20 2
161 159 19 20
160 13 159 12
17 161 18 19
15 14 160 13
16 160 161 159
20 12 159 13
19 20 159 12
159 13 160 14
161 159 160 13
19 159 161 160
18 19 161 159
160 14 15 0
16 160 15 14
161 160 16 15
17 161 16 160
18 161 17 16
1 18 17 161
0
