1
96
-3.142563819885254 0.02737148106098175 -8.172995080713008e-08 0 0 0 0.7140212059020996 0.0 0.0
-1.9232195615768433 0.4996788501739502 1.2902266632863757e-07 0 0 0 0.7071170210838318 0.0 0.0
-3.2166738510131836 0.21869885921478271 1.8223319053649902 0 0 0 0.4502815306186676 0.0 0.0
-1.9973286390304565 0.6910064816474915 1.8223319053649902 0 0 0 0.4447188377380371 0.0 0.0
-2.7100071907043457 0.7207797169685364 1.2409951466452185e-07 0 0 0 0.6818237900733948 0.0 0.0
-2.7279467582702637 0.7670932412147522 0.9433971047401428 0 0 0 0.5546379685401917 0.0 0.0
-3.423865795135498 0.8228732943534851 3.353276491165161 0 0 0 0.23568002879619598 0.0 0.0
-2.2511844635009766 1.277105689048767 3.353276491165161 0 0 0 0.2310362309217453 0.0 0.0
-2.8819351196289062 1.164639949798584 2.617267608642578 0 0 0 0.3117658197879791 0.0 0.0
-3.7308602333068848 1.846468210220337 4.596101760864258 0 0 0 0.08329500257968903 0.0 0.0
-2.7138094902038574 2.240417718887329 4.596101760864258 0 0 0 0.0793483555316925 0.0 0.0
-3.1935105323791504 1.969028353691101 3.996851682662964 0 0 0 0.13506107032299042 0.0 0.0
-4.105772495269775 3.2482993602752686 5.5844807624816895 0 0 0 0.0030574810225516558 0.0 0.0
-3.3810267448425293 3.5290253162384033 5.5844807624816895 0 0 0 0.0024162554182112217 0.0 0.0
-3.662675380706787 3.18025803565979 5.082150459289551 0 0 0 0.018042055889964104 0.0 0.0
-4.2894287109375 4.798329830169678 5.873163223266602 0 0 0 1.0 0.0 0.0
-0.3843846321105957 -0.3519160747528076 -2.4418099542344862e-08 0 0 0 0.8962063789367676 0.0 0.0
-1.3605854511260986 1.154853105545044 4.144487419921461e-08 0 0 0 0.8921301364898682 0.0 0.0
-0.6208115220069885 -0.5050916075706482 2.50205659866333 0 0 0 0.7382574677467346 0.0 0.0
-1.5970127582550049 1.0016776323318481 2.50205659866333 0 0 0 0.7350926399230957 0.0 0.0
-1.4375239610671997 0.03539305925369263 -7.48827844176958e-09 0 0 0 0.8598555326461792 0.0 0.0
-1.4947543144226074 -0.0016854859422892332 1.2952815294265747 0 0 0 0.7918103337287903 0.0 0.0
-1.3749139308929443 -0.9527241587638855 4.604039669036865 0 0 0 0.5535191893577576 0.0 0.0
-2.3137564659118652 0.4963824450969696 4.604039669036865 0 0 0 0.5501546263694763 0.0 0.0
-1.9860115051269531 -0.3199593722820282 3.593501329421997 0 0 0 0.620430588722229 0.0 0.0
-2.6648435592651367 -1.6519203186035156 6.3104352951049805 0 0 0 0.37018275260925293 0.0 0.0
-3.4790897369384766 -0.39512914419174194 6.3104352951049805 0 0 0 0.3671896457672119 0.0 0.0
-2.9800100326538086 -0.9639482498168945 5.487666130065918 0 0 0 0.4301801025867462 0.0 0.0
-4.444167613983154 -2.5482912063598633 7.667476654052734 0 0 0 0.2137494534254074 0.0 0.0
-5.024394512176514 -1.6527084112167358 7.667476654052734 0 0 0 0.21174252033233643 0.0 0.0
-4.476752281188965 -1.9336532354354858 6.977778434753418 0 0 0 0.26134759187698364 0.0 0.0
-6.476237773895264 -3.2290732860565186 8.063837051391602 0 0 0 0.11910481750965118 0.0 0.0
-0.6718860864639282 -0.543536365032196 -1.809568850319465e-08 0 0 0 0.4997710585594177 0.0 0.0
-1.4081010818481445 -1.3940412998199463 2.3170898089119873e-08 0 0 0 0.49706724286079407 0.0 0.0
-0.5384335517883301 -0.6590555310249329 1.5676687955856323 0 0 0 0.2780326008796692 0.0 0.0
-1.2746484279632568 -1.5095611810684204 1.5676686763763428 0 0 0 0.276263564825058 0.0 0.0
-0.721053957939148 -1.244869589805603 -7.488271336342223e-09 0 0 0 0.47903165221214294 0.0 0.0
-0.6887498497962952 -1.2728327512741089 0.8115612864494324 0 0 0 0.3653392195701599 0.0 0.0
-0.13740622997283936 -1.0346615314483643 2.8846709728240967 0 0 0 0.13637800514698029 0.0 0.0
-0.8454471826553345 -1.852617859840393 2.8846709728240967 0 0 0 0.13489070534706116 0.0 0.0
-0.41145649552345276 -1.5128635168075562 2.251516103744507 0 0 0 0.18728163838386536 0.0 0.0
0.5085548162460327 -1.688765525817871 3.9538166522979736 0 0 0 0.0495208315551281 0.0 0.0
-0.10552000999450684 -2.398167848587036 3.9538166522979736 0 0 0 0.04827776551246643 0.0 0.0
0.14961177110671997 -1.998536229133606 3.4383091926574707 0 0 0 0.07968726754188538 0.0 0.0
1.3586145639419556 -2.602924108505249 4.804073810577393 0 0 0 0.002898014150559902 0.0 0.0
0.9210273027420044 -3.108440399169922 4.804073810577393 0 0 0 0.0026168718468397856 0.0 0.0
0.9944571256637573 -2.7298524379730225 4.371942043304443 0 0 0 0.012931418605148792 0.0 0.0
2.123080253601074 -3.7068116664886475 5.052414894104004 0 0 0 1.0 0.0 0.0
1.638952612876892 1.2169365882873535 -2.3276811589312274e-08 0 0 0 0.9903602004051208 0.0 0.0
0.16344690322875977 0.42556577920913696 3.814616178487995e-08 0 0 0 0.9884442687034607 0.0 0.0
1.7631263732910156 0.9854152202606201 2.3333864212036133 0 0 0 0.8746629357337952 0.0 0.0
0.2876206040382385 0.19404399394989014 2.3333864212036133 0 0 0 0.8742630481719971 0.0 0.0
1.197963833808899 0.2679360806941986 -7.48827844176958e-09 0 0 0 0.995254635810852 0.0 0.0
1.2280219793319702 0.21189312636852264 1.207963228225708 0 0 0 0.9693557024002075 0.0 0.0
2.121145486831665 0.2501085102558136 4.2936692237854 0 0 0 0.6631540656089783 0.0 0.0
0.7021059989929199 -0.5109773278236389 4.2936692237854 0 0 0 0.6641438007354736 0.0 0.0
1.4860353469848633 -0.26917099952697754 3.3512539863586426 0 0 0 0.762302041053772 0.0 0.0
2.6717474460601807 -1.0025540590286255 5.8850321769714355 0 0 0 0.428650826215744 0.0 0.0
1.441033124923706 -1.6626337766647339 5.8850321769714355 0 0 0 0.43047356605529785 0.0 0.0
2.00809383392334 -1.242545247077942 5.117728233337402 0 0 0 0.5223634243011475 0.0 0.0
3.367955207824707 -2.7252328395843506 7.150591850280762 0 0 0 0.2230992615222931 0.0 0.0
2.490954875946045 -3.1956021785736084 7.150591850280762 0 0 0 0.22451043128967285 0.0 0.0
2.794198513031006 -2.7082319259643555 6.507388114929199 0 0 0 0.29202908277511597 0.0 0.0
3.8443493843078613 -4.66623067855835 7.520232677459717 0 0 0 0.10607645660638809 0.0 0.0
1.7110987901687622 1.9273515939712524 -1.9818820362615952e-08 0 0 0 0.4567599892616272 0.0 0.0
1.8100581169128418 0.6234796643257141 2.815137634115672e-08 0 0 0 0.4503868520259857 0.0 0.0
1.915689468383789 1.9428789615631104 1.8223319053649902 0 0 0 0.29551631212234497 0.0 0.0
2.014648914337158 0.6390071511268616 1.8223317861557007 0 0 0 0.2914191484451294 0.0 0.0
2.2495310306549072 1.3125255107879639 -7.488274889055901e-09 0 0 0 0.4203871190547943 0.0 0.0
2.2990548610687256 1.316284418106079 0.943397045135498 0 0 0 0.3456869125366211 0.0 0.0
2.553976535797119 1.9662301540374756 3.3532767295837402 0 0 0 0.1699856072664261 0.0 0.0
2.649148464202881 0.7122565507888794 3.3532767295837402 0 0 0 0.16731257736682892 0.0 0.0
2.724160671234131 1.3485485315322876 2.6172678470611572 0 0 0 0.20824700593948364 0.0 0.0
3.6226143836975098 1.9636472463607788 4.596102237701416 0 0 0 0.08403269946575165 0.0 0.0
3.705155372619629 0.8760928511619568 4.596102237701416 0 0 0 0.08222002536058426 0.0 0.0
3.584310531616211 1.4138308763504028 3.996851921081543 0 0 0 0.10987922549247742 0.0 0.0
5.072947025299072 1.916537880897522 5.584481239318848 0 0 0 0.021999534219503403 0.0 0.0
5.131766319274902 1.1415519714355469 5.584481239318848 0 0 0 0.02109156735241413 0.0 0.0
4.879506587982178 1.5121320486068726 5.082150936126709 0 0 0 0.0393996424973011 0.0 0.0
6.609747409820557 1.6434510946273804 5.87316370010376 0 0 0 0.0019224958959966898 0.0 0.0
-1.0 1.0000001192092896 3.552713678800501e-15 0 0 0 1.0 0.0 0.0
1.0 1.0000001192092896 3.552713678800501e-15 0 0 0 1.0 0.0 0.0
-1.0 1.313819408416748 2.787245750427246 0 0 0 0.8700929880142212 0.0 0.0
1.0 1.313819408416748 2.787245750427246 0 0 0 0.8700929880142212 0.0 0.0
0.0 1.7499998807907104 3.278353943869661e-08 0 0 0 0.9983754754066467 0.0 0.0
7.170208315976367e-10 1.8259648084640503 1.4429203271865845 0 0 0 0.9504396915435791 0.0 0.0
-0.9617308378219604 2.289977550506592 5.128817081451416 0 0 0 0.6893970370292664 0.0 0.0
0.9617308378219604 2.289977550506592 5.128817081451416 0 0 0 0.6893970370292664 0.0 0.0
8.754751590345222e-09 2.4780304431915283 4.003095626831055 0 0 0 0.7715681195259094 0.0 0.0
-0.8340965509414673 3.919466733932495 7.02971076965332 0 0 0 0.5028687715530396 0.0 0.0
0.8340965509414673 3.919466733932495 7.02971076965332 0 0 0 0.5028687715530396 0.0 0.0
2.6336087088907334e-08 3.7974088191986084 6.113161087036133 0 0 0 0.5773412585258484 0.0 0.0
-0.5943723917007446 6.1259284019470215 8.541430473327637 0 0 0 0.32362088561058044 0.0 0.0
0.5943724513053894 6.1259284019470215 8.541430473327637 0 0 0 0.32362088561058044 0.0 0.0
4.7892086740830564e-08 5.784099102020264 7.7731194496154785 0 0 0 0.3861653804779053 0.0 0.0
6.312792777407594e-08 8.438102722167969 8.9829683303833 0 0 0 0.2125626653432846 0.0 0.0
108
1 5 4
0 5 2
3 8 5
2 8 6
7 11 8
6 11 9
10 14 11
9 14 12
13 15 14
1 3 5
0 4 5
3 7 8
2 5 8
7 10 11
6 8 11
10 13 14
9 11 14
12 14 15
17 21 20
16 21 18
19 24 21
18 24 22
23 27 24
22 27 25
26 30 27
25 30 28
29 31 30
17 19 21
16 20 21
19 23 24
18 21 24
23 26 27
22 24 27
26 29 30
25 27 30
28 30 31
33 37 36
32 37 34
35 40 37
34 40 38
39 43 40
38 43 41
42 46 43
41 46 44
45 47 46
33 35 37
32 36 37
35 39 40
34 37 40
39 42 43
38 40 43
42 45 46
41 43 46
44 46 47
49 53 52
48 53 50
51 56 53
50 56 54
55 59 56
54 59 57
58 62 59
57 62 60
61 63 62
49 51 53
48 52 53
51 55 56
50 53 56
55 58 59
54 56 59
58 61 62
57 59 62
60 62 63
65 69 68
64 69 66
67 72 69
66 72 70
71 75 72
70 75 73
74 78 75
73 78 76
77 79 78
65 67 69
64 68 69
67 71 72
66 69 72
71 74 75
70 72 75
74 77 78
73 75 78
76 78 79
81 85 84
80 85 82
83 88 85
82 88 86
87 91 88
86 91 89
90 94 91
89 94 92
93 95 94
81 83 85
80 84 85
83 87 88
82 85 88
87 90 91
86 88 91
90 93 94
89 91 94
92 94 95
198
5 2 0 5
5 4 1 5
5 1 3 5
8 5 2 0
5 0 4 5
1 3 5 8
0 4 5 1
11 8 6 2
3 7 8 11
8 3 7 8
2 8 5 3
8 6 2 8
14 11 9 6
7 10 11 14
11 7 10 11
6 11 8 7
11 9 6 11
15 14 12 9
10 13 14 15
14 10 13 14
9 14 11 10
14 12 9 14
12 15 14 13
3 5 1 4
4 5 0 2
7 8 3 5
5 8 2 6
10 11 7 8
8 11 6 9
13 14 10 11
11 14 9 12
14 15 13 14
14 15 12 14
21 18 16 21
21 20 17 21
21 17 19 21
24 21 18 16
21 16 20 21
17 19 21 24
16 20 21 17
27 24 22 18
19 23 24 27
24 19 23 24
18 24 21 19
24 22 18 24
30 27 25 22
23 26 27 30
27 23 26 27
22 27 24 23
27 25 22 27
31 30 28 25
26 29 30 31
30 26 29 30
25 30 27 26
30 28 25 30
28 31 30 29
19 21 17 20
20 21 16 18
23 24 19 21
21 24 18 22
26 27 23 24
24 27 22 25
29 30 26 27
27 30 25 28
30 31 29 30
30 31 28 30
37 34 32 37
37 36 33 37
37 33 35 37
40 37 34 32
37 32 36 37
33 35 37 40
32 36 37 33
43 40 38 34
35 39 40 43
40 35 39 40
34 40 37 35
40 38 34 40
46 43 41 38
39 42 43 46
43 39 42 43
38 43 40 39
43 41 38 43
47 46 44 41
42 45 46 47
46 42 45 46
41 46 43 42
46 44 41 46
44 47 46 45
35 37 33 36
36 37 32 34
39 40 35 37
37 40 34 38
42 43 39 40
40 43 38 41
45 46 42 43
43 46 41 44
46 47 45 46
46 47 44 46
53 50 48 53
53 52 49 53
53 49 51 53
56 53 50 48
53 48 52 53
49 51 53 56
48 52 53 49
59 56 54 50
51 55 56 59
56 51 55 56
50 56 53 51
56 54 50 56
62 59 57 54
55 58 59 62
59 55 58 59
54 59 56 55
59 57 54 59
63 62 60 57
58 61 62 63
62 58 61 62
57 62 59 58
62 60 57 62
60 63 62 61
51 53 49 52
52 53 48 50
55 56 51 53
53 56 50 54
58 59 55 56
56 59 54 57
61 62 58 59
59 62 57 60
62 63 61 62
62 63 60 62
69 66 64 69
69 68 65 69
69 65 67 69
72 69 66 64
69 64 68 69
65 67 69 72
64 68 69 65
75 72 70 66
67 71 72 75
72 67 71 72
66 72 69 67
72 70 66 72
78 75 73 70
71 74 75 78
75 71 74 75
70 75 72 71
75 73 70 75
79 78 76 73
74 77 78 79
78 74 77 78
73 78 75 74
78 76 73 78
76 79 78 77
67 69 65 68
68 69 64 66
71 72 67 69
69 72 66 70
74 75 71 72
72 75 70 73
77 78 74 75
75 78 73 76
78 79 77 78
78 79 76 78
85 82 80 85
85 84 81 85
85 81 83 85
88 85 82 80
85 80 84 85
81 83 85 88
80 84 85 81
91 88 86 82
83 87 88 91
88 83 87 88
82 88 85 83
88 86 82 88
94 91 89 86
87 90 91 94
91 87 90 91
86 91 88 87
91 89 86 91
95 94 92 89
90 93 94 95
94 90 93 94
89 94 91 90
94 92 89 94
92 95 94 93
83 85 81 84
84 85 80 82
87 88 83 85
85 88 82 86
90 91 87 88
88 91 86 89
93 94 90 91
91 94 89 92
94 95 93 94
94 95 92 94
0
