decoration 4
6.5 5.5 1.5
1.5 2.0 4.0
-1.141292929649353 -0.967637300491333 -2.9802322387695312e-08
1.1667033433914185 1.0382026433944702 0.7052129507064819
93
-0.05517192929983139 -0.003748363582417369 -2.9802322387695312e-08 0 0 0 1.0 0.0 0.0 1.0
-0.034733083099126816 -0.08206406235694885 0.35055285692214966 0 0 0 1.0 0.0 0.0 0.7723797559738159
-0.027431553229689598 0.04429939389228821 -2.9802322387695312e-08 0 0 0 1.0 0.0 0.0 0.998790442943573
-0.05422377213835716 -0.0016140341758728027 0.3715032935142517 0 0 0 1.0 0.0 0.0 0.7352794408798218
0.028049208223819733 0.04429939389228821 -2.9802322387695312e-08 0 0 0 1.0 0.0 0.0 0.998790442943573
-0.0068392883986234665 0.0262613445520401 0.37897247076034546 0 0 0 1.0 0.0 0.0 0.7112948298454285
0.05578956753015518 -0.003748363582417369 -2.9802322387695312e-08 0 0 0 1.0 0.0 0.0 1.0
0.029091782867908478 0.015040015801787376 0.37591567635536194 0 0 0 1.0 0.0 0.0 0.7216942310333252
0.028049195185303688 -0.05179610848426819 -2.9802322387695312e-08 0 0 0 1.0 0.0 0.0 0.9999886751174927
0.047891270369291306 -0.060555972158908844 0.3557685613632202 0 0 0 1.0 0.0 0.0 0.7673998475074768
-0.02743155136704445 -0.05179610848426819 -2.9802322387695312e-08 0 0 0 1.0 0.0 0.0 0.9999886751174927
0.0005067922174930573 -0.08843134343624115 0.34829938411712646 0 0 0 1.0 0.0 0.0 0.7745789289474487
-0.05511590838432312 0.01250891387462616 0.1898120939731598 0 0 0 1.0 0.0 0.0 0.9671762585639954
-0.025255290791392326 0.0591408871114254 0.1967163383960724 0 0 0 1.0 0.0 0.0 0.9535006284713745
0.030169455334544182 0.05664927884936333 0.19684842228889465 0 0 0 1.0 0.0 0.0 0.9541348218917847
0.05573355406522751 0.007525718305259943 0.19007614254951477 0 0 0 1.0 0.0 0.0 0.9675772786140442
0.025872936472296715 -0.03910626471042633 0.18317189812660217 0 0 0 1.0 0.0 0.0 0.9727016687393188
-0.0295517947524786 -0.03661466762423515 0.1830398142337799 0 0 0 1.0 0.0 0.0 0.9728593230247498
-0.08395498991012573 -0.11522205173969269 0.5052508115768433 0 0 0 1.0 0.0 0.0 0.2578513026237488
-0.06763609498739243 -0.15673352777957916 0.39724671840667725 0 0 0 1.0 0.0 0.0 0.28577175736427307
-0.08613070100545883 -0.02407389134168625 0.5284237265586853 0 0 0 1.0 0.0 0.0 0.279877245426178
-0.13564139604568481 -0.04583471640944481 0.42510610818862915 0 0 0 1.0 0.0 0.0 0.5139131546020508
-0.0057737017050385475 0.023157570511102676 0.5411381125450134 0 0 0 1.0 0.0 0.0 0.13121438026428223
-0.07062593102455139 0.0663907453417778 0.4547349512577057 0 0 0 1.0 0.0 0.0 0.22925610840320587
0.07675901055335999 -0.020759139209985733 0.5306797027587891 0 0 0 1.0 0.0 0.0 0.2584642767906189
0.0623948760330677 0.06771731376647949 0.4565042555332184 0 0 0 1.0 0.0 0.0 0.21834838390350342
-0.0068267472088336945 -0.07992573827505112 0.5478616952896118 0 0 0 1.0 0.0 0.0 0.00805565807968378
0.07893474400043488 -0.11190731823444366 0.5075063705444336 0 0 0 1.0 0.0 0.0 0.25529924035072327
0.130400151014328 -0.04318152740597725 0.4286448359489441 0 0 0 1.0 0.0 0.0 0.4902538061141968
-0.0014222594909369946 -0.1591387838125229 0.49479204416275024 0 0 0 1.0 0.0 0.0 0.11775040626525879
0.06538466364145279 -0.15540696680545807 0.39901605248451233 0 0 0 1.0 0.0 0.0 0.28406983613967896
0.1657300442457199 0.20607727766036987 0.5417276620864868 0 0 0 1.0 0.0 0.0 0.5895094871520996
0.2989320755004883 -0.09278419613838196 0.4535750448703766 0 0 0 1.0 0.0 0.0 0.5924371480941772
0.9966034293174744 0.49129718542099 0.5687486529350281 0 0 0 1.0 0.0 0.0 0.14266973733901978
1.0479975938796997 0.3746470808982849 0.538131594657898 0 0 0 1.0 0.0 0.0 0.14731447398662567
0.509935736656189 0.43612512946128845 0.6745265126228333 0 0 0 1.0 0.0 0.0 0.4562288522720337
0.7197252511978149 -0.04003944993019104 0.5495479106903076 0 0 0 1.0 0.0 0.0 0.46930205821990967
0.8988518118858337 0.13979965448379517 0.5589628219604492 0 0 0 1.0 0.0 0.0 0.31580954790115356
0.7496354579925537 0.4784795641899109 0.647855818271637 0 0 0 1.0 0.0 0.0 0.29955604672431946
0.3264997601509094 0.35425591468811035 0.6427430510520935 0 0 0 1.0 0.0 0.0 0.540533185005188
0.5362893342971802 -0.12190866470336914 0.5177644491195679 0 0 0 1.0 0.0 0.0 0.5471486449241638
1.1667033433914185 0.5095974206924438 0.5052418112754822 0 0 0 1.0 0.0 0.0 0.07029040157794952
0.7114136815071106 0.26233571767807007 0.5709485411643982 0 0 0 1.0 0.0 0.0 0.4256112277507782
0.9086196422576904 0.3702376186847687 0.5597800612449646 0 0 0 1.0 0.0 0.0 0.24035179615020752
0.513625979423523 0.16623659431934357 0.553360104560852 0 0 0 1.0 0.0 0.0 0.5370270609855652
-0.269783616065979 0.06276558339595795 0.47186702489852905 0 0 0 1.0 0.0 0.0 0.5909788012504578
0.00044681131839752197 0.2371874749660492 0.5185367465019226 0 0 0 1.0 0.0 0.0 0.5911797285079956
-0.6592649221420288 0.8596067428588867 0.6416584253311157 0 0 0 1.0 0.0 0.0 0.1330529898405075
-0.5502622127532959 0.929963231086731 0.660483717918396 0 0 0 1.0 0.0 0.0 0.13117820024490356
-0.584858238697052 0.3300628066062927 0.6234812140464783 0 0 0 1.0 0.0 0.0 0.4588146209716797
-0.13991039991378784 0.6172569990158081 0.7003251910209656 0 0 0 1.0 0.0 0.0 0.4559226334095001
-0.3291235566139221 0.7828262448310852 0.7052129507064819 0 0 0 1.0 0.0 0.0 0.29188886284828186
-0.6456000804901123 0.5785546898841858 0.6505564451217651 0 0 0 1.0 0.0 0.0 0.2976111173629761
-0.47481560707092285 0.16384536027908325 0.5700612664222717 0 0 0 1.0 0.0 0.0 0.5421541333198547
-0.029867708683013916 0.4510394036769867 0.6469051241874695 0 0 0 1.0 0.0 0.0 0.5418441891670227
-0.6918516159057617 1.0382026433944702 0.6200052499771118 0 0 0 1.0 0.0 0.0 0.06257390230894089
-0.4196142852306366 0.5819878578186035 0.6321111917495728 0 0 0 1.0 0.0 0.0 0.41628459095954895
-0.537090003490448 0.7800875306129456 0.6440809369087219 0 0 0 1.0 0.0 0.0 0.22508682310581207
-0.30130842328071594 0.39514729380607605 0.5912457704544067 0 0 0 1.0 0.0 0.0 0.5339258313179016
-0.16201022267341614 -0.33496809005737305 0.3892214596271515 0 0 0 1.0 0.0 0.0 0.5882770419120789
-0.30846691131591797 -0.03636016696691513 0.46757593750953674 0 0 0 1.0 0.0 0.0 0.5895276069641113
-0.9715255498886108 -0.5284613370895386 0.2967102825641632 0 0 0 1.0 0.0 0.0 0.1661335825920105
-1.0277153253555298 -0.41389694809913635 0.3267720639705658 0 0 0 1.0 0.0 0.0 0.16288211941719055
-0.49071410298347473 -0.5944585800170898 0.4017733633518219 0 0 0 1.0 0.0 0.0 0.45859840512275696
-0.7200803756713867 -0.12680800259113312 0.5244848728179932 0 0 0 1.0 0.0 0.0 0.45693865418434143
-0.8902172446250916 -0.26135581731796265 0.4502973258495331 0 0 0 1.0 0.0 0.0 0.3104632794857025
-0.7270767688751221 -0.5939799547195435 0.363016813993454 0 0 0 1.0 0.0 0.0 0.3174697160720825
-0.31180042028427124 -0.5195287466049194 0.41210445761680603 0 0 0 1.0 0.0 0.0 0.5378218293190002
-0.5411667227745056 -0.05187806859612465 0.534815788269043 0 0 0 1.0 0.0 0.0 0.5395461320877075
-1.141292929649353 -0.5188867449760437 0.2301485389471054 0 0 0 1.0 0.0 0.0 0.08211541175842285
-0.698519229888916 -0.37797853350639343 0.4001132845878601 0 0 0 1.0 0.0 0.0 0.4268341064453125
-0.8895664811134338 -0.43748486042022705 0.3439807593822479 0 0 0 1.0 0.0 0.0 0.25710752606391907
-0.5061543583869934 -0.30550631880760193 0.4278011620044708 0 0 0 1.0 0.0 0.0 0.5328885316848755
0.2715951204299927 -0.17982043325901031 0.4092456102371216 0 0 0 1.0 0.0 0.0 0.592411994934082
0.0057647377252578735 -0.3530520498752594 0.36290091276168823 0 0 0 1.0 0.0 0.0 0.5909088850021362
0.6658371090888977 -0.8449135422706604 0.19563208520412445 0 0 0 1.0 0.0 0.0 0.19843265414237976
0.5571576952934265 -0.9157358407974243 0.17668482661247253 0 0 0 1.0 0.0 0.0 0.20001162588596344
0.5891736149787903 -0.455864816904068 0.41925209760665894 0 0 0 1.0 0.0 0.0 0.4760738015174866
0.14554540812969208 -0.7449605464935303 0.34191015362739563 0 0 0 1.0 0.0 0.0 0.47327086329460144
0.33540236949920654 -0.8575637340545654 0.27442023158073425 0 0 0 1.0 0.0 0.0 0.34751904010772705
0.6509402394294739 -0.6519398093223572 0.3294309377670288 0 0 0 1.0 0.0 0.0 0.3463928997516632
0.4785490334033966 -0.30411645770072937 0.4491020143032074 0 0 0 1.0 0.0 0.0 0.5480494499206543
0.03492078185081482 -0.5932121872901917 0.37176015973091125 0 0 0 1.0 0.0 0.0 0.5443487167358398
0.6993026733398438 -0.967637300491333 0.08909551799297333 0 0 0 1.0 0.0 0.0 0.111847884953022
0.4251294434070587 -0.6577916145324707 0.3073931634426117 0 0 0 1.0 0.0 0.0 0.45058417320251465
0.5433818697929382 -0.7993594408035278 0.2304091900587082 0 0 0 1.0 0.0 0.0 0.2955952286720276
0.3061456084251404 -0.5027143359184265 0.35607028007507324 0 0 0 1.0 0.0 0.0 0.5430760979652405
0.1628749668598175 -0.29724952578544617 0.37024301290512085 0 0 0 1.0 0.0 0.0 0.5921500325202942
-0.15808343887329102 0.18631897866725922 0.48782649636268616 0 0 0 1.0 0.0 0.0 0.5916935801506042
0.0508413091301918 -0.03464852645993233 0.36232703924179077 0 0 0 1.0 0.0 0.0 0.7568724155426025
-0.06198016181588173 -0.03166826069355011 0.3634757399559021 0 0 0 1.0 0.0 0.0 0.7545546293258667
-0.2827760577201843 -0.20855721831321716 0.41587552428245544 0 0 0 1.0 0.0 0.0 0.5882787108421326
0.281823992729187 0.07614661753177643 0.4929955005645752 0 0 0 1.0 0.0 0.0 0.5909527540206909
138
12 3 13
13 5 14
14 7 15
15 9 16
16 11 17
17 1 12
17 0 10
16 10 8
6 16 8
4 15 6
13 4 2
12 2 0
1 21 90
18 26 20
18 21 19
20 23 21
3 23 5
20 26 22
22 26 24
22 25 23
5 25 7
7 28 89
24 26 27
24 28 25
9 30 11
27 26 29
27 30 28
11 19 1
29 26 18
29 19 30
1 19 21
18 20 21
20 22 23
3 21 23
22 24 25
5 23 25
7 25 28
24 27 28
9 28 30
27 29 30
11 30 19
29 18 19
3 12 90
13 3 5
14 5 7
9 15 89
16 9 11
17 11 1
17 12 0
16 17 10
6 15 16
4 14 15
13 14 4
12 13 2
43 34 41
44 36 42
42 37 43
31 44 39
42 38 35
44 35 39
43 33 38
43 37 34
44 40 36
42 36 37
32 40 44
42 43 38
44 42 35
43 41 33
92 32 44
57 48 55
58 50 56
56 51 57
45 58 53
56 52 49
58 49 53
57 47 52
57 51 48
58 54 50
56 50 51
46 54 58
56 57 52
58 56 49
57 55 47
88 46 58
71 62 69
72 64 70
70 65 71
59 72 67
70 66 63
72 63 67
71 61 66
71 65 62
72 68 64
70 64 65
60 68 72
70 71 66
72 70 63
71 69 61
91 60 72
85 76 83
86 78 84
84 79 85
73 86 81
84 80 77
86 77 81
85 75 80
85 79 76
86 82 78
84 78 79
74 82 86
84 85 80
86 84 77
85 83 75
87 74 86
88 45 3
87 73 9
74 87 11
11 87 9
73 87 86
46 88 5
5 88 3
45 88 58
15 7 89
28 9 89
12 1 90
21 3 90
59 1 91
31 7 92
90 60 91
1 90 91
59 91 72
92 89 32
7 89 92
31 92 44
2 4 6
6 8 10
10 0 2
6 10 2
229
10 0 2 12
91 90 1 21
90 12 1 17
12 13 2 4
6 2 4 13
88 5 3 23
13 14 4 15
2 4 6 15
14 7 5 25
16 15 6 4
10 6 8 16
92 89 7 28
6 16 8 10
6 8 10 16
87 11 9 30
16 17 10 0
2 10 0 17
17 1 11 19
17 0 12 2
5 3 13 12
7 5 14 13
89 7 15 14
11 9 16 15
1 11 17 16
0 17 12 1
10 16 17 11
6 15 16 9
4 14 15 7
4 13 14 5
2 12 13 3
29 18 19 21
18 20 21 23
1 19 21 18
21 20 18 26
20 22 23 25
25 28 7 89
3 23 21 20
23 20 22 26
22 24 25 28
25 24 22 26
5 25 23 22
29 26 27 24
24 27 28 30
30 19 11 1
28 30 9 11
7 25 28 24
28 27 24 26
27 29 30 19
21 23 3 5
9 28 30 27
30 29 27 26
29 26 18 20
22 26 20 18
24 26 22 20
23 25 5 7
27 26 24 22
19 21 1 90
18 26 29 27
25 23 5 3
11 30 19 29
19 18 29 26
90 21 3 23
20 21 18 19
22 23 20 21
24 25 22 23
28 25 7 5
89 28 9 30
27 28 24 25
19 30 11 9
29 30 27 28
21 19 1 11
18 19 29 30
90 3 12 13
3 5 13 14
5 7 14 15
89 9 15 16
9 11 16 17
11 1 17 12
12 0 17 10
17 10 16 8
15 16 6 8
14 15 4 6
14 4 13 2
13 2 12 0
44 39 31 44
43 37 34 43
43 41 33 43
42 38 35 42
44 40 36 44
44 42 35 38
42 36 37 42
43 33 38 43
42 43 38 33
44 35 39 44
44 32 40 44
35 44 39 31
89 92 32 44
43 34 41 43
37 36 42 44
34 37 43 42
32 40 44 36
38 42 43 37
35 44 42 36
33 43 41 34
37 34 43 41
40 36 44 42
36 37 42 43
92 44 32 40
92 44 31 39
43 38 42 35
42 35 44 39
41 33 43 38
58 53 45 58
57 51 48 57
57 55 47 57
56 52 49 56
58 54 50 58
58 56 49 52
56 50 51 56
57 47 52 57
56 57 52 47
58 49 53 58
58 46 54 58
49 58 53 45
5 88 46 58
57 48 55 57
51 50 56 58
48 51 57 56
46 54 58 50
52 56 57 51
49 58 56 50
47 57 55 48
51 48 57 55
54 50 58 56
50 51 56 57
88 58 46 54
88 58 45 53
57 52 56 49
56 49 58 53
55 47 57 52
72 67 59 72
71 65 62 71
71 69 61 71
70 66 63 70
72 68 64 72
72 70 63 66
70 64 65 70
71 61 66 71
70 71 66 61
72 63 67 72
72 60 68 72
63 72 67 59
90 91 60 72
71 62 69 71
65 64 70 72
62 65 71 70
60 68 72 64
66 70 71 65
63 72 70 64
61 71 69 62
65 62 71 69
68 64 72 70
64 65 70 71
91 72 60 68
91 72 59 67
71 66 70 63
70 63 72 67
69 61 71 66
86 81 73 86
85 79 76 85
85 83 75 85
84 80 77 84
86 82 78 86
86 84 77 80
84 78 79 84
85 75 80 85
84 85 80 75
86 77 81 86
86 74 82 86
77 86 81 73
11 87 74 86
85 76 83 85
79 78 84 86
76 79 85 84
74 82 86 78
80 84 85 79
77 86 84 78
75 85 83 76
79 76 85 83
82 78 86 84
78 79 84 85
87 86 74 82
87 86 73 81
85 80 84 77
84 77 86 81
83 75 85 80
88 5 46 88
88 3 45 88
87 11 74 87
87 9 73 87
86 73 87 9
9 87 11 74
11 87 9 73
73 87 86 74
58 45 88 3
3 88 5 46
5 88 3 45
45 88 58 46
28 9 89 15
7 89 15 9
9 89 28 7
21 3 90 12
1 90 12 3
3 90 21 1
91 90 60 91
91 1 59 91
92 89 32 92
92 7 31 92
72 59 91 1
1 91 90 60
90 91 1 59
59 91 72 60
44 31 92 7
7 92 89 32
89 92 7 31
31 92 44 32
2 6 10 8
10 6 2 4
6 10 2 0
0
