model 1
207
0.18348976969718933 -2.1500566005706787 2.833441972732544 0 0 0 1.0 0.0 0.0
-0.08293811231851578 -1.8675999641418457 2.81255841255188 0 0 0 1.0 0.0 0.0
-1.092394232749939 -1.8822201490402222 3.4682586193084717 0 0 0 1.0 0.0 0.0
-1.0877386331558228 -1.5807126760482788 3.552339553833008 0 0 0 1.0 0.0 0.0
-0.468819797039032 -1.1486766338348389 4.596399784088135 0 0 0 1.0 0.0 0.0
1.0405827760696411 -1.408095359802246 4.1013383865356445 0 0 0 1.0 0.0 0.0
0.011151513084769249 -1.370302677154541 4.853811264038086 0 0 0 1.0 0.0 0.0
-0.6884291172027588 -2.0042858123779297 4.435678958892822 0 0 0 1.0 0.0 0.0
0.8316408395767212 -1.8412624597549438 4.316213607788086 0 0 0 1.0 0.0 0.0
-0.77004075050354 -1.0377317667007446 3.9478023052215576 0 0 0 1.0 0.0 0.0
-0.7984773516654968 -1.1154075860977173 4.203310012817383 0 0 0 1.0 0.0 0.0
-0.16540205478668213 -2.5983073711395264 4.025202751159668 0 0 0 1.0 0.0 0.0
0.5176239013671875 -2.383995532989502 4.260707378387451 0 0 0 1.0 0.0 0.0
0.8824417591094971 -2.047405481338501 3.9913065433502197 0 0 0 1.0 0.0 0.0
-0.1457447111606598 -0.899319052696228 2.8335182666778564 0 0 0 1.0 0.0 0.0
-0.6869176030158997 -1.4203858375549316 3.238931655883789 0 0 0 1.0 0.0 0.0
-0.978217601776123 -2.172928810119629 3.781515121459961 0 0 0 1.0 0.0 0.0
-0.5895880460739136 -2.4590606689453125 3.270833730697632 0 0 0 1.0 0.0 0.0
0.276120662689209 -2.5404741764068604 4.002552032470703 0 0 0 1.0 0.0 0.0
0.9854328632354736 -1.5792258977890015 3.1768267154693604 0 0 0 1.0 0.0 0.0
-0.3381863534450531 -1.0864272117614746 2.8615550994873047 0 0 0 1.0 0.0 0.0
-0.3896813988685608 -1.7028186321258545 2.925795078277588 0 0 0 1.0 0.0 0.0
-0.4573584198951721 -2.3847532272338867 2.9484517574310303 0 0 0 1.0 0.0 0.0
0.6345752477645874 -1.4987244606018066 2.8621606826782227 0 0 0 1.0 0.0 0.0
0.4127247929573059 -2.2383310794830322 3.0689079761505127 0 0 0 1.0 0.0 0.0
-0.19724175333976746 0.9145845770835876 2.498361110687256 0 0 0 1.0 0.0 0.0
-1.0477298498153687 1.3922839164733887 2.4068431854248047 0 0 0 1.0 0.0 0.0
0.6658354997634888 0.7714662551879883 3.183866500854492 0 0 0 1.0 0.0 0.0
-0.7480970621109009 0.44192999601364136 2.874708652496338 0 0 0 1.0 0.0 0.0
-1.0965806245803833 2.0968177318573 2.842665672302246 0 0 0 1.0 0.0 0.0
-0.026041945442557335 2.087862491607666 2.7869436740875244 0 0 0 1.0 0.0 0.0
-0.9273776412010193 0.5070419907569885 2.900261402130127 0 0 0 1.0 0.0 0.0
-1.6428512334823608 1.2560142278671265 2.9759228229522705 0 0 0 1.0 0.0 0.0
0.3361586332321167 1.790278673171997 3.0361135005950928 0 0 0 1.0 0.0 0.0
-0.30675387382507324 2.1312458515167236 3.975553512573242 0 0 0 1.0 0.0 0.0
-0.3304405212402344 1.3172329664230347 4.344341278076172 0 0 0 1.0 0.0 0.0
-0.6427754163742065 2.0970280170440674 4.125502586364746 0 0 0 1.0 0.0 0.0
-1.0284556150436401 2.086229085922241 4.0484395027160645 0 0 0 1.0 0.0 0.0
-0.9530905485153198 1.405454397201538 4.360037326812744 0 0 0 1.0 0.0 0.0
-0.6582595109939575 0.9738160371780396 4.362054347991943 0 0 0 1.0 0.0 0.0
0.5711313486099243 1.3647141456604004 3.588958740234375 0 0 0 1.0 0.0 0.0
0.08951377868652344 2.0949976444244385 3.2553513050079346 0 0 0 1.0 0.0 0.0
-1.233590006828308 0.6099992394447327 3.529618978500366 0 0 0 1.0 0.0 0.0
-0.25747033953666687 2.396033525466919 3.1789097785949707 0 0 0 1.0 0.0 0.0
-0.5285128951072693 2.4439568519592285 3.015886068344116 0 0 0 1.0 0.0 0.0
-1.1795458793640137 2.0828096866607666 3.6864378452301025 0 0 0 1.0 0.0 0.0
-1.5792927742004395 1.6072912216186523 3.12174916267395 0 0 0 1.0 0.0 0.0
-1.4617376327514648 0.8610144853591919 3.1247620582580566 0 0 0 1.0 0.0 0.0
-0.09238532185554504 0.3194613754749298 2.88132381439209 0 0 0 1.0 0.0 0.0
0.3192565441131592 1.5392239093780518 2.736041307449341 0 0 0 1.0 0.0 0.0
-0.28276270627975464 2.256709098815918 2.765650749206543 0 0 0 1.0 0.0 0.0
-1.0692342519760132 1.902482032775879 2.5768260955810547 0 0 0 1.0 0.0 0.0
-1.5274938344955444 1.3152134418487549 2.632946729660034 0 0 0 1.0 0.0 0.0
-1.5635560750961304 1.0100265741348267 2.7927422523498535 0 0 0 1.0 0.0 0.0
0.013363312929868698 1.5447838306427002 2.4762425422668457 0 0 0 1.0 0.0 0.0
0.24479027092456818 -0.13854393362998962 2.820615291595459 0 0 0 1.0 0.0 0.0
-0.09602051228284836 -0.12154362350702286 2.9589309692382812 0 0 0 1.0 0.0 0.0
0.11776445806026459 0.17535503208637238 2.3869740962982178 0 0 0 1.0 0.0 0.0
0.5983954071998596 0.34870803356170654 2.9771602153778076 0 0 0 1.0 0.0 0.0
0.8082439303398132 0.9117101430892944 3.668639659881592 0 0 0 1.0 0.0 0.0
0.44635558128356934 0.08065244555473328 5.028024673461914 0 0 0 1.0 0.0 0.0
0.5402944684028625 0.6544647216796875 4.754965305328369 0 0 0 1.0 0.0 0.0
0.05817413702607155 0.3052653968334198 4.998961448669434 0 0 0 1.0 0.0 0.0
-0.5162079334259033 -0.14615628123283386 4.6577277183532715 0 0 0 1.0 0.0 0.0
-0.6805390119552612 -0.28128811717033386 4.336884498596191 0 0 0 1.0 0.0 0.0
1.156158685684204 -0.4242395758628845 4.6687188148498535 0 0 0 1.0 0.0 0.0
-1.0605934858322144 0.4058401882648468 3.8735268115997314 0 0 0 1.0 0.0 0.0
-0.9063974618911743 0.10282005369663239 3.7968993186950684 0 0 0 1.0 0.0 0.0
-0.8338709473609924 -0.7812846899032593 4.273010730743408 0 0 0 1.0 0.0 0.0
-0.6126521229743958 -0.9715118408203125 3.525761604309082 0 0 0 1.0 0.0 0.0
1.3906103372573853 -0.018412860110402107 3.737576723098755 0 0 0 1.0 0.0 0.0
1.209115982055664 0.2569538950920105 3.4009602069854736 0 0 0 1.0 0.0 0.0
-0.4724661409854889 -0.0007335476111620665 3.163389205932617 0 0 0 1.0 0.0 0.0
0.8519119024276733 -0.6068047881126404 3.1380937099456787 0 0 0 1.0 0.0 0.0
0.7142923474311829 -1.1991569995880127 4.3111724853515625 0 0 0 1.0 0.0 0.0
0.31705260276794434 0.907305896282196 4.290961742401123 0 0 0 1.0 0.0 0.0
-0.1934373527765274 0.061494410037994385 3.006223201751709 0 0 0 1.0 0.0 0.0
0.14972759783267975 0.07533479481935501 0.4826117157936096 0 0 0 1.0 0.0 0.0
-0.14943967759609222 0.10047919303178787 0.5058204531669617 0 0 0 1.0 0.0 0.0
-0.16390648484230042 0.05529565364122391 1.11399507522583 0 0 0 1.0 0.0 0.0
0.21408674120903015 0.04647059738636017 2.2479958534240723 0 0 0 1.0 0.0 0.0
0.187932088971138 0.17391355335712433 2.854208469390869 0 0 0 1.0 0.0 0.0
0.1990848034620285 -0.0828389897942543 1.4249327182769775 0 0 0 1.0 0.0 0.0
0.12097805738449097 0.2121051698923111 0.025055602192878723 0 0 0 1.0 0.0 0.0
0.08674623817205429 -0.17048922181129456 0.36732733249664307 0 0 0 1.0 0.0 0.0
-0.11222905665636063 -0.1201023980975151 1.101366400718689 0 0 0 1.0 0.0 0.0
0.06346733868122101 0.14981620013713837 1.1222189664840698 0 0 0 1.0 0.0 0.0
-0.02822859212756157 -0.17184878885746002 2.3668715953826904 0 0 0 1.0 0.0 0.0
0.0190561655908823 0.20245146751403809 1.9950432777404785 0 0 0 1.0 0.0 0.0
0.12179256230592728 0.01288529671728611 2.4802603721618652 0 0 0 1.0 0.0 0.0
-0.018746457993984222 -1.1956045627593994 2.7304704189300537 0 0 0 1.0 0.0 0.0
-0.13641121983528137 -0.5346903204917908 2.23067307472229 0 0 0 1.0 0.0 0.0
0.05456759035587311 -0.7156853675842285 2.53265643119812 0 0 0 1.0 0.0 0.0
-0.169561967253685 -0.9717151522636414 2.5533077716827393 0 0 0 1.0 0.0 0.0
-0.04411568492650986 0.17699332535266876 1.6712204217910767 0 0 0 1.0 0.0 0.0
0.1719168871641159 0.16291317343711853 1.8040379285812378 0 0 0 1.0 0.0 0.0
0.04518502205610275 0.5307164192199707 2.013298749923706 0 0 0 1.0 0.0 0.0
-0.16260987520217896 0.7606479525566101 2.340728759765625 0 0 0 1.0 0.0 0.0
-0.17269600927829742 0.7165145874023438 2.182595729827881 0 0 0 1.0 0.0 0.0
-0.1891172230243683 0.3780151903629303 2.000042200088501 0 0 0 1.0 0.0 0.0
-0.08973325043916702 0.49470457434654236 2.380093812942505 0 0 0 1.0 0.0 0.0
-0.1580548882484436 0.7700696587562561 2.520827531814575 0 0 0 1.0 0.0 0.0
-1.1073652505874634 -1.5317444801330566 3.720398426055908 0 0 0 1.0 0.0 0.0
0.5906240344047546 -1.9305590391159058 2.9325833320617676 0 0 0 1.0 0.0 0.0
0.1990051120519638 0.6387185454368591 2.8173954486846924 0 0 0 1.0 0.0 0.0
-1.4877314567565918 1.632606029510498 2.7726314067840576 0 0 0 1.0 0.0 0.0
-0.33881622552871704 1.830285668373108 4.2136664390563965 0 0 0 1.0 0.0 0.0
-0.8930443525314331 0.12253449857234955 3.493793487548828 0 0 0 1.0 0.0 0.0
0.4507966637611389 -0.971615195274353 4.594903945922852 0 0 0 1.0 0.0 0.0
-0.7588467597961426 -0.37415826320648193 4.0221848487854 0 0 0 1.0 0.0 0.0
1.360632300376892 -0.27192994952201843 4.257667541503906 0 0 0 1.0 0.0 0.0
-0.18770372867584229 -1.44329833984375 4.806759834289551 0 0 0 1.0 0.0 0.0
-0.3055588901042938 -0.006807482801377773 0.0031434595584869385 0 0 0 1.0 0.0 0.0
0.16563785076141357 -0.23455418646335602 0.0027990369126200676 0 0 0 1.0 0.0 0.0
0.1789199560880661 -0.06567318737506866 0.33429041504859924 0 0 0 1.0 0.0 0.0
0.1352820098400116 -0.1034976989030838 1.0421453714370728 0 0 0 1.0 0.0 0.0
-0.13317489624023438 -0.07334300875663757 2.2934112548828125 0 0 0 1.0 0.0 0.0
-0.10195364058017731 0.07894840836524963 2.5249452590942383 0 0 0 1.0 0.0 0.0
0.21263113617897034 0.1482350081205368 2.626450300216675 0 0 0 1.0 0.0 0.0
0.04612642526626587 -0.14017723500728607 2.6194002628326416 0 0 0 1.0 0.0 0.0
-0.2287476807832718 -0.7523105144500732 2.4912946224212646 0 0 0 1.0 0.0 0.0
-0.21748672425746918 0.5176114439964294 2.0274133682250977 0 0 0 1.0 0.0 0.0
-0.09039654582738876 0.31631743907928467 2.060885429382324 0 0 0 1.0 0.0 0.0
0.857633650302887 -1.9699641466140747 3.3440253734588623 0 0 0 1.0 0.0 0.0
-0.22432437539100647 -2.4532454013824463 2.9319112300872803 0 0 0 1.0 0.0 0.0
-0.9320662617683411 -1.7379100322723389 3.278479814529419 0 0 0 1.0 0.0 0.0
0.8683827519416809 -1.3023070096969604 3.0287411212921143 0 0 0 1.0 0.0 0.0
-0.95814448595047 -2.0624213218688965 4.129604816436768 0 0 0 1.0 0.0 0.0
0.16553182899951935 -1.7265441417694092 4.739834785461426 0 0 0 1.0 0.0 0.0
-0.19283941388130188 -2.2730355262756348 2.808699131011963 0 0 0 1.0 0.0 0.0
-0.7880774140357971 -2.1930737495422363 3.1621410846710205 0 0 0 1.0 0.0 0.0
-0.11182263493537903 -1.3071048259735107 2.7426249980926514 0 0 0 1.0 0.0 0.0
0.12994228303432465 -0.8155219554901123 2.8228769302368164 0 0 0 1.0 0.0 0.0
1.1543352603912354 -1.5339964628219604 3.865969657897949 0 0 0 1.0 0.0 0.0
1.0368562936782837 -1.0857212543487549 3.5043935775756836 0 0 0 1.0 0.0 0.0
-0.022848475724458694 -2.554657459259033 3.287846803665161 0 0 0 1.0 0.0 0.0
0.6206977367401123 -2.3445663452148438 3.904747486114502 0 0 0 1.0 0.0 0.0
-1.1801341772079468 -1.839064598083496 3.762739896774292 0 0 0 1.0 0.0 0.0
-0.6484807133674622 -2.445282220840454 3.9211487770080566 0 0 0 1.0 0.0 0.0
0.5503560304641724 -0.7345780730247498 3.0592844486236572 0 0 0 1.0 0.0 0.0
-0.2814500331878662 -0.7099738121032715 2.997211456298828 0 0 0 1.0 0.0 0.0
-0.3666696548461914 -2.4513473510742188 4.333320140838623 0 0 0 1.0 0.0 0.0
-0.9851269125938416 -1.7741130590438843 4.200440406799316 0 0 0 1.0 0.0 0.0
0.8572859168052673 -0.9297460317611694 4.146902084350586 0 0 0 1.0 0.0 0.0
0.18779781460762024 -2.4663925170898438 4.358104705810547 0 0 0 1.0 0.0 0.0
0.40282201766967773 -1.4997628927230835 4.662783145904541 0 0 0 1.0 0.0 0.0
-0.19071424007415771 -1.916264295578003 4.714717864990234 0 0 0 1.0 0.0 0.0
0.15821725130081177 -0.9789288640022278 4.787904262542725 0 0 0 1.0 0.0 0.0
-0.6275261044502258 1.3226484060287476 2.3627309799194336 0 0 0 1.0 0.0 0.0
-0.7436104416847229 2.2696099281311035 2.7650814056396484 0 0 0 1.0 0.0 0.0
-0.13568347692489624 2.2102701663970947 3.646015167236328 0 0 0 1.0 0.0 0.0
0.6648134589195251 1.075727939605713 3.989396810531616 0 0 0 1.0 0.0 0.0
-0.7370394468307495 1.6865663528442383 4.427932262420654 0 0 0 1.0 0.0 0.0
-0.5899445414543152 0.7962512969970703 2.5796546936035156 0 0 0 1.0 0.0 0.0
-0.3054353594779968 0.5629339814186096 2.6215672492980957 0 0 0 1.0 0.0 0.0
0.30893465876579285 1.1945329904556274 2.633596420288086 0 0 0 1.0 0.0 0.0
-1.2945493459701538 1.1087719202041626 2.495741844177246 0 0 0 1.0 0.0 0.0
-1.415731430053711 0.8251614570617676 2.7684872150421143 0 0 0 1.0 0.0 0.0
-0.7367351055145264 1.7638530731201172 2.418510913848877 0 0 0 1.0 0.0 0.0
0.7933856844902039 0.8419705033302307 3.4148895740509033 0 0 0 1.0 0.0 0.0
-0.7338740229606628 0.23731613159179688 3.1242997646331787 0 0 0 1.0 0.0 0.0
0.04777928441762924 0.2562445104122162 2.898991107940674 0 0 0 1.0 0.0 0.0
-1.5018749237060547 1.0377233028411865 3.598280668258667 0 0 0 1.0 0.0 0.0
-1.165661096572876 0.5656117796897888 3.1213607788085938 0 0 0 1.0 0.0 0.0
-0.8675803542137146 2.325549840927124 3.212315320968628 0 0 0 1.0 0.0 0.0
-1.4873191118240356 1.7216094732284546 3.6764869689941406 0 0 0 1.0 0.0 0.0
-0.5272030830383301 2.4517385959625244 3.420452117919922 0 0 0 1.0 0.0 0.0
-1.5124776363372803 1.4260451793670654 3.7901341915130615 0 0 0 1.0 0.0 0.0
-0.42320045828819275 2.3829636573791504 3.67637300491333 0 0 0 1.0 0.0 0.0
0.17228102684020996 1.6512115001678467 3.842695713043213 0 0 0 1.0 0.0 0.0
-0.4196088910102844 0.6656923890113831 4.329601287841797 0 0 0 1.0 0.0 0.0
0.016935057938098907 1.0542618036270142 4.254267692565918 0 0 0 1.0 0.0 0.0
-1.1792941093444824 1.0420314073562622 4.116054058074951 0 0 0 1.0 0.0 0.0
-1.0520952939987183 1.8799415826797485 4.258630752563477 0 0 0 1.0 0.0 0.0
1.0482406616210938 -0.6383305191993713 3.3868608474731445 0 0 0 1.0 0.0 0.0
-0.5540735721588135 -0.5617135763168335 4.587372303009033 0 0 0 1.0 0.0 0.0
-0.36615991592407227 0.397663950920105 4.48960018157959 0 0 0 1.0 0.0 0.0
1.3110548257827759 -0.09868831187486649 4.595792293548584 0 0 0 1.0 0.0 0.0
-0.027942711487412453 -0.03843417391180992 5.059934139251709 0 0 0 1.0 0.0 0.0
-0.02174936607480049 -0.45232442021369934 2.968674898147583 0 0 0 1.0 0.0 0.0
0.7179790735244751 -0.25228151679039 2.8798625469207764 0 0 0 1.0 0.0 0.0
1.135500431060791 -0.17822931706905365 3.169395685195923 0 0 0 1.0 0.0 0.0
0.9341915845870972 0.024604564532637596 3.0263442993164062 0 0 0 1.0 0.0 0.0
-0.2472037822008133 -0.10382812470197678 3.07368540763855 0 0 0 1.0 0.0 0.0
-0.4501369893550873 -0.45195966958999634 3.351032018661499 0 0 0 1.0 0.0 0.0
1.3770214319229126 0.23160132765769958 3.8128092288970947 0 0 0 1.0 0.0 0.0
-0.8475385308265686 0.09658010303974152 4.114390850067139 0 0 0 1.0 0.0 0.0
1.145459771156311 0.589649498462677 4.030335903167725 0 0 0 1.0 0.0 0.0
0.0036784715484827757 0.6283098459243774 4.642903804779053 0 0 0 1.0 0.0 0.0
1.0180292129516602 0.4394950568675995 4.558749198913574 0 0 0 1.0 0.0 0.0
0.36950868368148804 -0.619713544845581 4.931647300720215 0 0 0 1.0 0.0 0.0
1.049749493598938 -0.14103582501411438 4.837364196777344 0 0 0 1.0 0.0 0.0
-0.16590672731399536 -0.34082546830177307 4.970092296600342 0 0 0 1.0 0.0 0.0
-0.20008529722690582 0.10218846797943115 4.953562259674072 0 0 0 1.0 0.0 0.0
0.3244432508945465 0.6292730569839478 4.829067230224609 0 0 0 1.0 0.0 0.0
-0.1884026825428009 -0.075431689620018 0.34125804901123047 0 0 0 1.0 0.0 0.0
-0.044871583580970764 0.17494742572307587 0.33381348848342896 0 0 0 1.0 0.0 0.0
-0.09718454629182816 0.08648036420345306 1.9599950313568115 0 0 0 1.0 0.0 0.0
-0.01636822149157524 -0.16896933317184448 2.0028107166290283 0 0 0 1.0 0.0 0.0
0.22814276814460754 -0.05548663064837456 2.1266403198242188 0 0 0 1.0 0.0 0.0
0.20009133219718933 -0.1898764818906784 2.3748385906219482 0 0 0 1.0 0.0 0.0
-0.04925120621919632 0.175735741853714 2.5166497230529785 0 0 0 1.0 0.0 0.0
0.01235619094222784 -0.6485246419906616 2.6109580993652344 0 0 0 1.0 0.0 0.0
0.030425870791077614 -0.6527476906776428 2.3237855434417725 0 0 0 1.0 0.0 0.0
0.12349878996610641 0.2261953353881836 1.9476182460784912 0 0 0 1.0 0.0 0.0
-0.24213293194770813 0.5404244065284729 2.4396584033966064 0 0 0 1.0 0.0 0.0
-0.009663039818406105 0.5660439729690552 2.31020188331604 0 0 0 1.0 0.0 0.0
418
24 103 123
0 131 23
2 125 130
135 11 17
3 137 102
69 140 20
139 134 126
141 146 7
4 10 142
111 146 6
4 7 111
146 144 128
141 144 146
133 143 5
58 159 71
9 10 68
102 137 142
142 10 102
138 127 16
11 141 138
18 144 11
13 8 12
133 5 8
8 13 133
9 69 102
9 102 10
3 15 125
16 130 17
17 130 22
18 136 12
135 136 18
19 134 133
90 132 23
20 131 21
125 15 21
130 21 22
22 21 129
124 0 24
24 135 124
156 148 25
26 148 156
27 104 155
53 162 32
30 50 43
30 41 33
32 162 167
167 46 32
34 150 168
169 171 75
106 152 35
34 169 150
36 106 34
37 173 36
38 167 172
172 167 162
39 152 38
66 170 39
170 171 35
35 39 170
40 33 41
37 164 45
37 168 166
165 167 173
42 107 67
168 150 43
44 50 149
45 29 46
46 165 45
47 42 162
47 157 163
154 161 48
159 40 59
27 49 159
50 30 54
149 50 158
51 105 29
51 26 52
52 105 51
52 32 105
53 156 157
156 31 157
31 153 28
54 30 49
54 155 25
25 148 54
80 199 95
154 25 104
181 174 73
56 179 183
58 55 81
185 71 59
59 187 185
191 177 189
191 189 61
60 194 62
176 193 188
63 175 192
108 190 147
75 194 61
170 176 171
64 186 109
64 175 63
4 175 68
65 143 110
59 151 187
66 186 176
68 175 64
69 184 140
70 177 110
185 70 71
112 83 113
72 184 107
184 179 140
71 181 182
181 180 182
139 132 179
55 180 139
72 48 76
76 183 72
175 111 6
109 69 9
82 198 115
77 115 114
195 84 85
85 79 195
78 79 86
78 86 196
203 198 199
79 198 197
87 119 117
116 88 197
89 200 80
201 57 116
116 117 201
82 86 95
196 77 83
84 195 113
195 196 112
86 79 94
76 201 117
117 56 76
57 201 161
57 161 81
89 55 119
120 198 91
120 116 197
200 202 92
87 120 202
93 131 20
93 20 120
93 120 91
93 203 90
120 14 202
96 122 88
100 96 206
94 121 98
96 204 95
95 94 96
206 98 97
99 98 121
100 205 122
97 153 25
101 154 100
0 129 1
103 19 123
129 21 1
21 131 1
0 1 131
19 133 123
15 69 20
139 126 132
13 123 133
13 136 123
17 124 135
17 11 138
3 125 2
3 2 137
12 8 128
12 128 144
7 127 141
5 143 74
74 145 5
145 147 6
145 6 128
108 147 145
179 132 14
14 140 179
6 146 128
4 142 7
111 7 146
7 142 127
8 145 128
8 5 145
133 134 143
58 104 27
58 27 159
58 71 182
142 137 127
138 141 127
11 135 18
18 12 144
11 144 141
13 12 136
67 186 66
14 20 140
15 102 69
3 102 15
16 127 137
16 137 2
16 2 130
16 17 138
22 124 17
136 135 24
136 24 123
126 134 19
23 132 126
90 23 131
21 15 20
130 125 21
22 129 124
23 126 19
23 19 103
0 23 103
124 129 0
0 103 24
25 155 104
156 25 153
148 26 158
158 54 148
53 157 47
53 47 162
29 164 149
30 43 41
107 163 31
31 160 107
31 28 160
167 165 46
44 149 164
164 166 44
169 75 151
35 171 106
106 171 169
169 34 106
36 152 106
34 168 36
36 173 152
36 168 37
152 173 38
38 173 167
162 66 172
39 38 172
66 39 172
134 139 73
134 73 174
35 152 39
40 41 169
169 151 40
41 150 169
37 166 164
173 37 165
67 66 42
42 163 107
43 150 41
43 166 168
43 50 44
43 44 166
45 165 37
45 164 29
29 105 46
46 105 32
47 163 42
162 42 66
163 157 31
72 107 160
48 160 28
48 28 154
154 104 161
159 33 40
59 40 151
27 155 49
159 49 33
49 30 33
158 50 54
149 158 51
29 149 51
51 158 26
26 156 52
53 52 156
53 32 52
156 153 31
49 155 54
153 154 28
80 95 204
204 57 80
154 101 25
73 180 181
56 55 179
58 180 55
81 161 58
58 182 180
109 107 184
59 71 159
174 110 143
67 107 109
67 109 186
108 65 190
175 147 192
63 193 176
60 62 178
61 60 191
61 194 60
62 193 178
188 62 194
188 193 62
193 192 178
193 63 192
192 190 178
192 147 190
60 178 190
191 60 190
190 65 191
191 65 177
177 185 187
177 187 189
189 187 151
189 151 61
61 151 75
75 188 194
171 176 188
64 63 186
68 10 4
4 111 175
143 65 108
65 110 177
176 186 63
176 170 66
64 109 68
174 143 134
70 185 177
70 110 174
174 181 70
71 70 181
104 58 161
113 195 112
112 196 83
83 114 113
72 183 184
183 179 184
139 179 55
73 139 180
108 145 74
74 143 108
171 188 75
72 160 48
48 161 76
175 6 147
9 68 109
109 184 69
82 199 198
77 86 115
85 84 115
203 199 200
79 85 198
117 116 87
116 57 88
80 200 199
80 57 89
89 119 200
161 201 76
81 55 118
56 119 55
95 199 82
83 77 114
196 86 77
84 113 114
114 115 84
195 78 196
195 79 78
115 198 85
87 200 119
88 57 204
89 57 118
117 119 56
56 183 76
57 81 118
89 118 55
90 203 92
90 92 132
120 197 198
87 202 200
200 92 203
91 198 203
87 116 120
202 132 92
93 91 203
90 131 93
120 20 14
14 132 202
79 197 94
86 82 115
95 86 94
88 204 96
100 122 96
98 96 94
99 197 122
97 25 101
101 206 97
122 205 99
206 96 98
99 94 197
99 121 94
88 122 197
99 205 98
153 98 205
153 205 154
100 154 205
97 98 153
100 206 101
627
19 123 103 24
21 129 1 0
131 1 21 129
133 123 19 103
21 20 15 69
124 17 135 11
138 17 11 135
137 3 2 125
15 69 20 140
144 12 128 8
127 141 7 146
145 5 74 143
128 145 6 147
128 6 146 111
146 111 7 4
145 128 8 12
145 8 5 133
159 58 27 104
182 58 71 159
10 102 142 137
135 11 18 144
141 11 144 18
136 13 12 8
13 133 8 5
42 67 66 186
10 9 102 69
102 9 10 68
3 15 102 69
102 3 15 125
130 16 2 137
138 16 17 130
124 17 22 130
144 18 12 136
123 136 24 135
23 126 19 134
131 23 90 132
126 23 132 90
15 20 21 131
130 125 21 15
103 24 0 124
135 24 124 0
153 156 25 148
49 27 155 104
162 53 47 157
52 53 32 162
41 30 43 50
49 30 33 41
160 31 107 163
160 31 28 153
46 32 167 162
105 32 46 167
40 33 41 30
151 169 75 171
171 35 106 152
34 169 106 171
168 36 34 106
173 36 152 106
168 37 36 173
66 172 162 167
172 39 38 152
172 66 39 170
174 134 73 139
39 170 35 171
169 40 41 33
43 41 150 169
165 37 45 164
164 37 166 168
66 42 67 107
166 43 168 150
41 43 150 168
166 43 44 50
105 46 29 45
165 46 45 29
32 46 105 29
66 162 42 47
154 48 28 160
151 59 40 159
33 159 49 27
30 49 33 159
54 50 30 43
54 158 50 149
149 51 29 105
156 52 26 51
105 52 51 26
32 52 105 51
32 53 52 156
148 54 25 155
158 54 148 25
204 80 95 199
161 154 104 25
180 181 73 174
119 56 55 179
161 58 81 55
182 58 180 55
159 59 71 185
186 67 109 107
187 185 59 71
178 60 62 194
194 61 60 191
193 188 62 194
192 193 63 176
177 191 65 190
189 177 187 185
61 189 151 187
151 61 75 194
188 171 176 170
68 64 109 186
186 64 63 175
175 4 111 7
10 4 68 175
74 143 108 65
177 65 110 143
170 66 176 186
184 69 140 20
181 70 174 110
181 71 70 185
161 104 58 27
160 72 107 184
161 76 48 72
183 76 72 48
147 175 6 111
68 109 9 69
184 109 69 9
86 82 115 198
83 77 114 115
115 85 84 195
79 85 195 84
196 78 86 79
200 203 199 198
198 79 85 195
116 87 117 119
120 197 116 88
200 80 199 95
57 89 80 200
57 81 118 55
117 56 119 55
117 201 116 57
199 82 95 86
114 83 77 196
114 84 113 195
115 84 114 113
79 195 78 196
198 85 115 84
95 86 94 79
118 89 57 80
56 76 117 201
183 76 56 117
118 57 81 161
55 89 118 57
200 89 119 55
132 90 92 203
198 120 197 116
203 200 92 202
120 93 20 131
91 93 120 20
203 93 91 120
131 93 90 203
14 202 120 87
132 202 14 120
197 94 79 86
204 96 88 122
98 206 96 100
96 94 98 121
206 97 101 25
99 98 121 94
205 99 122 197
94 96 95 204
153 97 98 206
121 99 94 197
96 100 122 205
154 153 205 98
101 25 97 153
206 101 100 154
136 24 123 103
21 130 125 2
0 131 1 21
23 132 126 139
13 133 123 19
17 135 124 24
17 138 16 127
132 139 126 134
138 141 127 7
74 143 5 133
0 124 129 22
21 22 130 17
21 125 15 3
19 126 134 139
11 18 135 136
24 123 136 13
16 127 137 142
22 124 17 135
14 20 140 69
137 127 142 7
12 128 144 146
8 5 145 74
6 128 146 144
146 128 6 145
108 145 147 6
108 145 74 5
108 74 143 5
64 175 68 4
4 68 10 9
14 179 132 139
111 146 7 141
11 144 141 146
174 134 143 133
73 134 139 126
9 102 10 142
127 142 137 102
127 138 141 11
17 138 11 141
128 12 8 13
123 13 133 8
202 14 132 179
15 69 102 9
16 137 2 3
16 2 130 125
16 138 17 11
24 136 135 18
143 133 134 19
123 133 19 134
90 23 131 0
1 131 21 20
1 21 129 22
124 22 129 21
23 19 103 123
124 129 0 1
24 0 103 23
54 25 148 156
155 25 104 154
25 155 104 27
47 157 53 156
51 158 26 148
58 159 27 49
59 40 151 169
72 160 107 31
47 163 42 107
44 164 149 29
45 165 37 173
38 167 173 165
40 169 151 75
42 107 163 31
106 171 35 170
33 30 49 54
29 149 51 158
46 32 105 52
157 31 163 107
167 46 165 45
164 149 44 50
43 44 166 164
61 151 75 169
39 38 172 167
38 152 173 36
169 171 106 35
169 106 34 36
152 173 36 37
37 36 168 34
167 173 38 152
35 39 170 66
41 169 150 34
37 166 164 44
43 168 166 37
172 167 162 32
150 41 43 30
44 43 50 30
37 45 165 46
45 164 29 149
46 29 105 51
42 47 163 157
53 162 47 42
31 163 157 47
72 160 48 28
76 48 161 154
153 28 154 48
158 54 50 30
51 149 158 50
52 26 156 148
163 157 31 156
134 73 174 181
73 139 180 55
70 181 174 73
76 183 56 179
109 184 107 72
70 185 177 187
67 109 107 184
186 63 176 193
151 187 59 185
143 65 108 190
187 189 177 191
65 190 108 147
147 192 175 63
63 193 176 188
58 180 182 181
184 72 183 76
69 109 184 107
65 177 110 70
60 178 190 192
190 178 192 193
190 191 60 61
151 61 189 191
60 194 61 75
188 194 62 60
62 193 188 176
193 192 63 175
191 190 65 108
177 185 187 59
151 187 189 177
201 161 76 48
176 186 63 64
67 186 109 64
192 190 147 108
190 192 147 175
179 140 184 69
189 187 151 59
171 75 188 194
180 182 58 71
104 58 161 81
63 176 186 66
171 188 176 193
145 108 147 190
14 140 179 184
174 143 110 65
174 110 70 177
70 110 174 143
71 70 181 174
75 151 61 189
58 182 71 181
179 183 184 72
184 183 179 56
180 181 182 71
73 181 180 182
134 174 143 110
139 179 55 56
118 81 55 58
74 108 145 147
4 175 111 6
83 196 112 195
113 112 195 196
112 195 113 84
84 113 114 83
84 115 114 77
78 79 195 85
85 198 115 82
199 200 80 89
88 57 116 201
120 116 87 117
80 199 200 203
204 57 88 116
122 88 197 116
56 117 119 87
87 200 119 89
76 201 117 116
76 161 201 57
89 55 118 81
114 115 84 85
195 78 196 86
115 198 85 79
58 161 81 57
56 55 119 89
91 203 198 199
203 91 198 120
93 131 90 23
92 90 203 93
14 202 132 92
202 132 92 90
14 20 120 93
99 197 94 79
88 204 57 80
197 122 88 96
153 205 98 99
88 122 197 99
99 205 122 100
97 25 101 154
100 101 206 97
100 205 154 153
97 98 153 205
205 154 100 101
131 1 0 129
0 103 24 123
1 131 0 23
103 23 0 131
3 125 2 130
136 123 13 133
2 137 3 102
15 102 3 137
18 144 12 128
144 146 141 7
68 10 4 142
7 142 4 10
8 128 145 6
175 147 6 145
175 111 6 146
140 179 14 132
142 7 4 111
7 146 111 6
127 142 7 4
142 127 7 141
141 144 146 128
5 145 8 128
134 143 133 5
27 159 58 71
109 68 9 10
102 142 10 4
142 137 102 3
141 127 138 16
18 135 11 17
144 141 11 138
12 144 18 11
13 136 12 18
12 136 13 123
8 5 133 143
133 13 8 12
120 20 14 140
20 140 14 179
109 69 9 102
102 69 15 20
2 125 3 15
2 137 16 127
137 127 16 138
2 130 16 17
22 130 17 16
135 136 18 12
126 134 19 133
93 131 20 21
20 15 21 125
125 21 130 22
129 21 22 130
129 124 22 17
103 19 23 126
19 126 23 132
0 103 23 19
129 0 124 24
136 135 24 124
156 153 25 97
104 155 25 54
26 148 156 25
31 153 156 25
158 148 26 156
54 158 148 26
58 104 27 155
48 160 28 31
47 162 53 32
51 149 29 164
43 41 30 33
28 160 31 107
167 162 32 53
165 46 167 32
166 164 44 149
169 150 34 168
36 168 34 150
106 171 169 75
36 152 106 35
39 152 35 106
106 169 34 150
152 106 36 34
165 173 37 36
173 152 38 39
173 167 38 172
162 167 172 38
66 172 39 38
35 152 39 38
39 172 66 162
176 170 66 39
176 171 170 35
152 39 35 170
159 33 40 41
151 169 40 41
150 169 41 40
43 150 168 34
166 164 37 45
36 168 37 166
37 165 173 167
46 165 167 173
162 66 42 67
163 107 42 67
44 166 43 168
43 50 44 149
29 164 45 37
164 29 45 46
163 42 47 162
42 66 162 172
53 157 47 163
48 160 72 107
28 154 48 161
104 161 154 48
33 40 159 59
155 49 27 159
49 33 159 40
54 155 49 27
50 54 158 148
158 50 149 44
26 158 51 149
52 105 51 29
158 26 51 52
53 156 52 26
53 32 52 105
52 156 53 157
31 156 157 53
153 31 156 157
156 153 31 28
155 54 49 30
49 30 54 50
49 155 54 25
154 153 28 31
57 204 80 95
101 25 154 104
55 179 56 183
81 118 57 89
180 55 58 81
71 159 59 40
109 186 67 66
70 71 185 59
65 177 191 189
61 189 191 177
61 194 60 62
190 178 60 62
60 191 61 189
188 193 62 178
193 178 62 60
75 194 188 62
192 178 193 62
63 192 193 178
64 175 63 192
147 190 192 178
191 190 60 178
65 190 191 60
188 194 75 61
75 188 171 176
63 186 64 109
68 175 64 63
111 175 4 68
108 143 65 110
110 177 65 191
40 151 59 187
66 170 176 171
67 186 66 176
109 107 67 42
109 68 64 175
9 109 68 64
109 184 69 140
143 134 174 73
185 177 70 110
177 185 70 71
59 159 71 58
58 161 104 154
195 112 113 83
196 83 112 113
114 113 83 112
183 184 72 107
183 179 184 140
70 181 71 182
126 132 139 179
55 179 139 132
58 180 55 139
179 139 55 180
139 180 73 181
180 139 73 134
143 108 74 145
188 171 75 169
160 48 72 76
56 183 76 72
6 147 175 192
95 199 82 198
199 198 82 115
86 115 77 114
195 79 78 86
92 200 203 199
85 198 79 197
94 197 79 198
57 88 116 197
89 57 80 204
119 200 89 80
87 117 116 201
77 114 83 113
112 196 83 77
86 77 196 83
113 195 84 85
78 196 195 112
82 198 199 203
86 94 95 96
94 79 86 78
200 119 87 117
120 198 197 79
96 204 88 57
161 201 76 117
119 56 117 76
161 201 57 116
81 161 57 201
118 55 89 119
92 132 90 23
197 198 120 91
87 116 120 197
202 200 87 119
87 202 200 92
93 203 91 198
93 120 91 198
116 120 87 202
200 202 87 120
90 131 93 20
200 203 92 90
132 202 92 200
91 203 93 90
20 14 120 202
98 94 96 95
80 204 95 96
82 199 95 80
100 122 96 88
122 96 100 206
99 121 94 98
206 96 98 94
94 121 99 98
88 204 96 95
96 98 206 97
101 206 97 98
94 197 99 122
98 205 99 122
205 98 99 121
205 154 153 28
101 206 100 96
154 205 100 122
98 153 97 25
25 154 101 100
115 86 82 95
77 196 86 78
94 86 95 82
196 86 77 115
82 115 86 77
0
