48 15
0.0 -3.031461715698242 0.0 0.9577117562294006 0.28772953152656555 0.0 -6.388878353563569e-17
0.0 0.0 0.0 0.99391770362854 0.09209967404603958 0.060186006128787994 0.004783614072948694
0.0 0.0 0.0 0.98526531457901 0.16255800426006317 0.04795403033494949 0.022971607744693756
0.0 0.0 0.0 0.9227522015571594 -0.37728822231292725 0.024302080273628235 0.0747772753238678
0.0 0.0 0.0 0.7544733285903931 0.008451402187347412 -0.044769059866666794 0.6547477841377258
0.0 0.0 0.0 0.989646315574646 0.00925614032894373 -0.009375779889523983 0.1429220736026764
0.0 0.0 0.0 0.8213351964950562 -0.5704460144042969 2.1601623302558437e-05 -5.604665602731984e-06
0.0 0.0 0.0 0.6357711553573608 0.05204911157488823 0.15610407292842865 -0.7541335821151733
0.0 0.0 0.0 0.9768332242965698 0.18713155388832092 0.03291047737002373 -0.09846656024456024
0.0 0.0 0.0 0.763458251953125 -0.6458572745323181 3.774758283725532e-15 5.64626354560005e-08
0.0 0.0 0.0 0.8089179992675781 0.5879217982292175 8.760708603006151e-09 -1.0408340855860843e-15
0.0 0.0 0.0 0.9719113707542419 0.23534758388996124 8.881784197001252e-16 2.4081687755028724e-08
0.0 0.0 0.0 0.9998249411582947 -0.01871122606098652 9.13331910101789e-16 1.6357850629589166e-09
0.0 0.0 0.0 0.9884588718414307 0.15149050951004028 7.284831688686541e-16 -1.7873041049688019e-16
0.0 0.0 0.0 0.957525908946991 0.2883473038673401 2.6645352591003757e-15 -2.520811825945657e-08
0.0 -3.019437074661255 0.0 0.9577117562294006 0.28772953152656555 0.0 -6.388878353563569e-17
0.0 0.0 0.0 0.9939177632331848 0.09209931641817093 0.059726912528276443 0.004741095006465912
0.0 0.0 0.0 0.9854190349578857 0.16133438050746918 0.04748154431581497 0.02289605140686035
0.0 0.0 0.0 0.9227630496025085 -0.3773697316646576 0.024213232100009918 0.07455986738204956
0.0 0.0 0.0 0.7514784336090088 0.008443049155175686 -0.04480620473623276 0.6584954261779785
0.0 0.0 0.0 0.989646315574646 0.00925614032894373 -0.009375779889523983 0.1429220736026764
0.0 0.0 0.0 0.8210117816925049 -0.5704377889633179 -0.0001674443483352661 -0.0002780617796815932
0.0 0.0 0.0 0.636069655418396 0.05291168391704559 0.15607890486717224 -0.7538527846336365
0.0 0.0 0.0 0.9768332242965698 0.18713155388832092 0.03291047737002373 -0.09846656024456024
0.0 0.0 0.0 0.7639402747154236 -0.6444130539894104 3.774758283725532e-15 5.64626354560005e-08
0.0 0.0 0.0 0.8096688389778137 0.5870116353034973 8.760708603006151e-09 -1.0408340855860843e-15
0.0 0.0 0.0 0.9704527854919434 0.24153292179107666 8.881784197001252e-16 2.4081687755028724e-08
0.0 0.0 0.0 0.9957138895988464 -0.026987437158823013 9.13331910101789e-16 1.6357850629589166e-09
0.0 0.0 0.0 0.9838106632232666 0.16581831872463226 7.284831688686541e-16 -1.7873041049688019e-16
0.0 0.0 0.0 0.9552281498908997 0.29646849632263184 2.6645352591003757e-15 -2.520811825945657e-08
0.0 -2.9831366539001465 0.0 0.9577117562294006 0.28772953152656555 0.0 -6.388878353563569e-17
0.0 0.0 0.0 0.9939179420471191 0.09209822863340378 0.058340005576610565 0.004612646531313658
0.0 0.0 0.0 0.9858832955360413 0.1576404720544815 0.04602029174566269 0.022662173956632614
0.0 0.0 0.0 0.9227960109710693 -0.37744757533073425 0.023944826796650887 0.07390308380126953
0.0 0.0 0.0 0.7485833764076233 0.00841781497001648 -0.0448416993021965 0.6620767712593079
0.0 0.0 0.0 0.989646315574646 0.00925614032894373 -0.009375779889523983 0.1429220736026764
0.0 0.0 0.0 0.8207027316093445 -0.5704129934310913 -0.0007385479984804988 -0.001100590219721198
0.0 0.0 0.0 0.6369715332984924 0.05380457267165184 0.15600284934043884 -0.7530046105384827
0.0 0.0 0.0 0.9768332242965698 0.18713155388832092 0.03291047737002373 -0.09846656024456024
0.0 0.0 0.0 0.7656457424163818 -0.6394416689872742 3.774758283725532e-15 5.64626354560005e-08
0.0 0.0 0.0 0.8119099140167236 0.5841400623321533 8.760708603006151e-09 -1.0408340855860843e-15
0.0 0.0 0.0 0.9687539935112 0.24827304482460022 8.881784197001252e-16 2.4081687755028724e-08
0.0 0.0 0.0 0.9829239845275879 -0.049908917397260666 9.13331910101789e-16 1.6357850629589166e-09
0.0 0.0 0.0 0.9709311127662659 0.19394128024578094 7.284831688686541e-16 -1.7873041049688019e-16
0.0 0.0 0.0 0.951914370059967 0.3069022297859192 2.6645352591003757e-15 -2.520811825945657e-08
0.0 -2.9232802391052246 0.0 0.9577117562294006 0.28772953152656555 0.0 -6.388878353563569e-17
0.0 0.0 0.0 0.993918240070343 0.09209641069173813 0.056018322706222534 0.004397623706609011
0.0 0.0 0.0 0.986648678779602 0.15154948830604553 0.0435321182012558 0.02226349152624607
0.0 0.0 0.0 0.9228511452674866 -0.3775215446949005 0.023495515808463097 0.07280362397432327
0.0 0.0 0.0 0.7457990646362305 0.008375572971999645 -0.044875405728816986 0.665477991104126
0.0 0.0 0.0 0.989646315574646 0.00925614032894373 -0.009375779889523983 0.1429220736026764
0.0 0.0 0.0 0.8204091787338257 -0.5703716278076172 -0.0016945713432505727 -0.0024773096665740013
0.0 0.0 0.0 0.6384811401367188 0.054725226014852524 0.1558755487203598 -0.7515846490859985
0.0 0.0 0.0 0.9768332242965698 0.18713155388832092 0.03291047737002373 -0.09846656024456024
0.0 0.0 0.0 0.7688884735107422 -0.6302867531776428 3.774758283725532e-15 5.64626354560005e-08
0.0 0.0 0.0 0.8154381513595581 0.5792385339736938 8.760708603006151e-09 -1.0408340855860843e-15
0.0 0.0 0.0 0.9668145179748535 0.25554636120796204 8.881784197001252e-16 2.4081687755028724e-08
0.0 0.0 0.0 0.9623128175735474 -0.08709289133548737 9.13331910101789e-16 1.6357850629589166e-09
0.0 0.0 0.0 0.9500740170478821 0.23532380163669586 7.284831688686541e-16 -1.7873041049688019e-16
0.0 0.0 0.0 0.9481083154678345 0.3181535303592682 2.6645352591003757e-15 -2.520811825945657e-08
0.0 -2.842491626739502 0.0 0.9577117562294006 0.28772953152656555 0.0 -6.388878353563569e-17
0.0 0.0 0.0 0.9939187169075012 0.09209386259317398 0.052767232060432434 0.004096522927284241
0.0 0.0 0.0 0.9876816868782043 0.1433284878730774 0.040035445243120193 0.02170245535671711
0.0 0.0 0.0 0.9229283928871155 -0.3775913119316101 0.02286634035408497 0.07126402109861374
0.0 0.0 0.0 0.7431365847587585 0.008316420949995518 -0.04490720108151436 0.6686853766441345
0.0 0.0 0.0 0.989646315574646 0.00925614032894373 -0.009375779889523983 0.1429220736026764
0.0 0.0 0.0 0.8201324343681335 -0.5703135132789612 -0.0030333104077726603 -0.004405045881867409
0.0 0.0 0.0 0.6405951380729675 0.05567018315196037 0.1556972712278366 -0.7495962977409363
0.0 0.0 0.0 0.9768332242965698 0.18713155388832092 0.03291047737002373 -0.09846656024456024
0.0 0.0 0.0 0.7736653089523315 -0.617237389087677 3.774758283725532e-15 5.64626354560005e-08
0.0 0.0 0.0 0.8197360038757324 0.572549045085907 8.760708603006151e-09 -1.0408340855860843e-15
0.0 0.0 0.0 0.964650571346283 0.26328638195991516 8.881784197001252e-16 2.4081687755028724e-08
0.0 0.0 0.0 0.9373745322227478 -0.13384075462818146 9.13331910101789e-16 1.6357850629589166e-09
0.0 0.0 0.0 0.9221417903900146 0.2883080840110779 7.284831688686541e-16 -1.7873041049688019e-16
0.0 0.0 0.0 0.9446955323219299 0.3278661072254181 2.6645352591003757e-15 -2.520811825945657e-08
0.0 -2.7457478046417236 0.0 0.9577117562294006 0.28772953152656555 0.0 -6.388878353563569e-17
0.0 0.0 0.0 0.993919312953949 0.09209060668945312 0.04860744625329971 0.0037112636491656303
0.0 0.0 0.0 0.9889187216758728 0.13348388671875 0.035628389567136765 0.020994190126657486
0.0 0.0 0.0 0.9230271577835083 -0.3776565194129944 0.0220613032579422 0.06929410994052887
0.0 0.0 0.0 0.7406075596809387 0.008240736089646816 -0.04493693262338638 0.6716850399971008
0.0 0.0 0.0 0.989646315574646 0.00925614032894373 -0.009375779889523983 0.1429220736026764
0.0 0.0 0.0 0.819873571395874 -0.570239245891571 -0.004746232647448778 -0.006871513091027737
0.0 0.0 0.0 0.6432999968528748 0.05663495138287544 0.15546917915344238 -0.7470520734786987
0.0 0.0 0.0 0.9768332242965698 0.18713155388832092 0.03291047737002373 -0.09846656024456024
0.0 0.0 0.0 0.7795872092247009 -0.6015617251396179 3.774758283725532e-15 5.64626354560005e-08
0.0 0.0 0.0 0.8240339159965515 0.5646683573722839 8.760708603006151e-09 -1.0408340855860843e-15
0.0 0.0 0.0 0.962300181388855 0.27137139439582825 8.881784197001252e-16 2.4081687755028724e-08
0.0 0.0 0.0 0.9126911163330078 -0.18304981291294098 9.13331910101789e-16 1.6357850629589166e-09
0.0 0.0 0.0 0.888836681842804 0.34986966848373413 7.284831688686541e-16 -1.7873041049688019e-16
0.0 0.0 0.0 0.9424625635147095 0.3340703845024109 2.6645352591003757e-15 -2.520811825945657e-08
0.0 -2.640305519104004 0.0 0.9577117562294006 0.28772953152656555 0.0 -6.388878353563569e-17
0.0 0.0 0.0 0.9939200282096863 0.09208668023347855 0.0435781329870224 0.003245473140850663
0.0 0.0 0.0 0.9902670383453369 0.12275411188602448 0.030498754233121872 0.020168161019682884
0.0 0.0 0.0 0.9231466054916382 -0.37771695852279663 0.021087991073727608 0.06691242009401321
0.0 0.0 0.0 0.7382232546806335 0.008149229921400547 -0.04496447741985321 0.6744647026062012
0.0 0.0 0.0 0.989646315574646 0.00925614032894373 -0.009375779889523983 0.1429220736026764
0.0 0.0 0.0 0.8196336627006531 -0.5701494216918945 -0.006817207671701908 -0.009853485971689224
0.0 0.0 0.0 0.6465702056884766 0.057613905519247055 0.15519341826438904 -0.7439761757850647
0.0 0.0 0.0 0.9768332242965698 0.18713155388832092 0.03291047737002373 -0.09846656024456024
0.0 0.0 0.0 0.7861440777778625 -0.584695041179657 -7.488820674694807e-11 5.521516044382224e-08
0.0 0.0 0.0 0.8275620937347412 0.5563738346099854 8.760708603006151e-09 -1.0408340855860843e-15
0.0 0.0 0.0 0.9598230123519897 0.2796275019645691 8.881784197001252e-16 2.4081687755028724e-08
0.0 0.0 0.0 0.8914440274238586 -0.22920046746730804 2.80573869693157e-10 5.196779673255492e-10
0.0 0.0 0.0 0.8526349663734436 0.4156821370124817 7.284831688686541e-16 -1.7873041049688019e-16
0.0 0.0 0.0 0.94172203540802 0.3360978662967682 -7.383412770067821e-10 -2.761202289036646e-08
0.0 -2.534862995147705 0.0 0.9577117562294006 0.28772953152656555 0.0 -6.388878353563569e-17
0.0 0.0 0.0 0.9939208030700684 0.09208210557699203 0.037739675492048264 0.002704742830246687
0.0 0.0 0.0 0.991615355014801 0.11202433705329895 0.024908555671572685 0.019265804439783096
0.0 0.0 0.0 0.9232852458953857 -0.37777236104011536 0.01995808631181717 0.06414754688739777
0.0 0.0 0.0 0.7359945178031921 0.008043002337217331 -0.04498973861336708 0.6770132780075073
0.0 0.0 0.0 0.989646315574646 0.00925614032894373 -0.009375779889523983 0.1429220736026764
0.0 0.0 0.0 0.8194137811660767 -0.5700451731681824 -0.009221376851201057 -0.013315171003341675
0.0 0.0 0.0 0.6503666043281555 0.05860026553273201 0.15487326681613922 -0.7404053807258606
0.0 0.0 0.0 0.9768332242965698 0.18713155388832092 0.03291047737002373 -0.09846656024456024
0.0 0.0 0.0 0.7957814335823059 -0.562034547328949 -7.488820674694807e-11 5.521516044382224e-08
0.0 0.0 0.0 0.8298031687736511 0.5483471155166626 8.760708603006151e-09 -1.0408340855860843e-15
0.0 0.0 0.0 0.9572951793670654 0.28784897923469543 8.881784197001252e-16 2.4081687755028724e-08
0.0 0.0 0.0 0.8696737885475159 -0.2788942754268646 2.80573869693157e-10 5.196779673255492e-10
0.0 0.0 0.0 0.8164991140365601 0.4806288480758667 7.284831688686541e-16 -1.7873041049688019e-16
0.0 0.0 0.0 0.9419042468070984 0.3355053961277008 -7.383412770067821e-10 -2.761202289036646e-08
0.0 -2.438119411468506 0.0 0.9577117562294006 0.28772953152656555 0.0 -6.388878353563569e-17
0.0 0.0 0.0 0.99392169713974 0.09207697212696075 0.031175635755062103 0.0020968131721019745
0.0 0.0 0.0 0.9928524494171143 0.10217972099781036 0.019152633845806122 0.01833399571478367
0.0 0.0 0.0 0.9234411716461182 -0.3778225779533386 0.018687760457396507 0.061039067804813385
0.0 0.0 0.0 0.7339310050010681 0.007923572324216366 -0.04501262307167053 0.6793223023414612
0.0 0.0 0.0 0.989646315574646 0.00925614032894373 -0.009375779889523983 0.1429220736026764
0.0 0.0 0.0 0.8192144632339478 -0.5699279308319092 -0.011924325488507748 -0.01720701903104782
0.0 0.0 0.0 0.6546348333358765 0.059586089104413986 0.15451334416866302 -0.7363908290863037
0.0 0.0 0.0 0.9768332242965698 0.18713155388832092 0.03291047737002373 -0.09846656024456024
0.0 0.0 0.0 0.8055059313774109 -0.5367302894592285 -2.1149332285474998e-10 5.382911183460237e-08
0.0 0.0 0.0 0.8305540084838867 0.5410195589065552 8.811284146759135e-09 -4.55519649777969e-12
0.0 0.0 0.0 0.954796314239502 0.2958325743675232 8.881784197001252e-16 2.4081687755028724e-08
0.0 0.0 0.0 0.8434111475944519 -0.3393181562423706 2.80573869693157e-10 5.196779673255492e-10
0.0 0.0 0.0 0.7833872437477112 0.5396548509597778 7.284831688686541e-16 -1.7873041049688019e-16
0.0 0.0 0.0 0.9424550533294678 0.3337142765522003 -7.383412770067821e-10 -2.761202289036646e-08
0.0 -2.357330799102783 0.0 0.9577117562294006 0.28772953152656555 0.0 -6.388878353563569e-17
0.0 0.0 0.0 0.9939227104187012 0.09207134693861008 0.023993510752916336 0.0014316391898319125
0.0 0.0 0.0 0.9938855171203613 0.09395872801542282 0.013507742434740067 0.01741694286465645
0.0 0.0 0.0 0.9236117005348206 -0.3778674602508545 0.017297815531492233 0.057637881487607956
0.0 0.0 0.0 0.7320406436920166 0.007792897056788206 -0.04503307864069939 0.681386411190033
0.0 0.0 0.0 0.989646315574646 0.00925614032894373 -0.009375779889523983 0.1429220736026764
0.0 0.0 0.0 0.8190363645553589 -0.5697996616363525 -0.014881793409585953 -0.021465299651026726
0.0 0.0 0.0 0.6593049168586731 0.06056242063641548 0.15411952137947083 -0.7319982051849365
0.0 0.0 0.0 0.9768332242965698 0.18713155388832092 0.03291047737002373 -0.09846656024456024
0.0 0.0 0.0 0.8101369738578796 -0.5189703702926636 -2.1149332285474998e-10 5.382911183460237e-08
0.0 0.0 0.0 0.8305365443229675 0.5357304811477661 8.811284146759135e-09 -4.55519649777969e-12
0.0 0.0 0.0 0.9523959755897522 0.30341100692749023 8.881784197001252e-16 2.4081687755028724e-08
0.0 0.0 0.0 0.8160545229911804 -0.4045487642288208 2.80573869693157e-10 5.196779673255492e-10
0.0 0.0 0.0 0.7557626366615295 0.5886011123657227 7.284831688686541e-16 -1.7873041049688019e-16
0.0 0.0 0.0 0.9433749914169312 0.3307228982448578 -7.383412770067821e-10 -2.761202289036646e-08
0.0 -2.2974743843078613 0.0 0.9577117562294006 0.28772953152656555 0.0 -6.388878353563569e-17
0.0 0.0 0.0 0.9939237833023071 0.09206534922122955 0.016323678195476532 0.0007212964119389653
0.0 0.0 0.0 0.9946508407592773 0.08786775171756744 0.008194342255592346 0.01655004546046257
0.0 0.0 0.0 0.9237939119338989 -0.3779069781303406 0.015813488513231277 0.05400574579834938
0.0 0.0 0.0 0.7303292155265808 0.00765334814786911 -0.04505109786987305 0.683204174041748
0.0 0.0 0.0 0.989646315574646 0.00925614032894373 -0.009375779889523983 0.1429220736026764
0.0 0.0 0.0 0.8188795447349548 -0.5696627497673035 -0.018040083348751068 -0.026012714952230453
0.0 0.0 0.0 0.6642921566963196 0.06151953339576721 0.15369896590709686 -0.7273073196411133
0.0 0.0 0.0 0.9768332242965698 0.18713155388832092 0.03291047737002373 -0.09846656024456024
0.0 0.0 0.0 0.8115740418434143 -0.5058318972587585 -2.1149332285474998e-10 5.382911183460237e-08
0.0 0.0 0.0 0.8304908871650696 0.5316698551177979 8.811284146759135e-09 -4.55519649777969e-12
0.0 0.0 0.0 0.9501456022262573 0.31047192215919495 8.881784197001252e-16 2.4081687755028724e-08
0.0 0.0 0.0 0.7927375435829163 -0.4647931754589081 2.80573869693157e-10 5.196779673255492e-10
0.0 0.0 0.0 0.7353100776672363 0.6246729493141174 7.284831688686541e-16 -1.7873041049688019e-16
0.0 0.0 0.0 0.9446544647216797 0.32656270265579224 -7.383412770067821e-10 -2.761202289036646e-08
0.0 -2.261174201965332 0.0 0.9577117562294006 0.28772953152656555 0.0 -6.388878353563569e-17
0.0 0.0 0.0 0.9939248561859131 0.09205907583236694 0.008316341787576675 -2.0304927602410316e-05
0.0 0.0 0.0 0.9951150417327881 0.08417384326457977 0.0033620260655879974 0.015757493674755096
0.0 0.0 0.0 0.9239840507507324 -0.37794122099876404 0.01426384411752224 0.050213772803545
0.0 0.0 0.0 0.7287993431091309 0.007507658563554287 -0.045066703110933304 0.6847788095474243
0.0 0.0 0.0 0.989646315574646 0.00925614032894373 -0.009375779889523983 0.1429220736026764
0.0 0.0 0.0 0.8187436461448669 -0.5695197582244873 -0.0213373564183712 -0.030760210007429123
0.0 0.0 0.0 0.669498860836029 0.062447234988212585 0.15325988829135895 -0.7224100828170776
0.0 0.0 0.0 0.9768332242965698 0.18713155388832092 0.03291047737002373 -0.09846656024456024
0.0 0.0 0.0 0.8141965270042419 -0.4884106516838074 -2.1149332285474998e-10 5.382911183460237e-08
0.0 0.0 0.0 0.8304452300071716 0.523912787437439 8.811284146759135e-09 -4.55519649777969e-12
0.0 0.0 0.0 0.9480758309364319 0.31695854663848877 8.881784197001252e-16 2.4081687755028724e-08
0.0 0.0 0.0 0.7775785326957703 -0.5115118026733398 2.80573869693157e-10 5.196779673255492e-10
0.0 0.0 0.0 0.722913384437561 0.6464592218399048 7.284831688686541e-16 -1.7873041049688019e-16
0.0 0.0 0.0 0.9462707042694092 0.32130712270736694 -7.383412770067821e-10 -2.761202289036646e-08
0.0 -2.2491493225097656 0.0 0.9577117562294006 0.28772953152656555 0.0 -6.388878353563569e-17
0.0 0.0 0.0 0.993925929069519 0.09205268323421478 0.00013634376227855682 -0.0007778967265039682
0.0 0.0 0.0 0.9952688217163086 0.08295021951198578 -0.000905011547729373 0.015053081326186657
0.0 0.0 0.0 0.9241783618927002 -0.3779703378677368 0.012680784799158573 0.046340037137269974
0.0 0.0 0.0 0.7274505496025085 0.007358827628195286 -0.045079976320266724 0.6861180067062378
0.0 0.0 0.0 0.989646315574646 0.00925614032894373 -0.009375779889523983 0.1429220736026764
0.0 0.0 0.0 0.8186280727386475 -0.5693737268447876 -0.02470572479069233 -0.03561005741357803
0.0 0.0 0.0 0.6748178005218506 0.06333533674478531 0.15281134843826294 -0.7174071669578552
0.0 0.0 0.0 0.9768332242965698 0.18713155388832092 0.03291047737002373 -0.09846656024456024
0.0 0.0 0.0 0.821820080280304 -0.45983895659446716 4.1437155928747416e-09 6.741971958490467e-08
0.0 0.0 0.0 0.8304278254508972 0.5092922449111938 2.1783244097406396e-09 8.142714280623409e-10
0.0 0.0 0.0 0.9461997151374817 0.322858601808548 1.3268260934395926e-09 2.6964670496454346e-08
0.0 0.0 0.0 0.771806001663208 -0.5414594411849976 -6.835676025218618e-09 2.0915301490731508e-08
0.0 0.0 0.0 0.7188085317611694 0.6536542177200317 1.911112157415573e-08 -6.214362358036851e-10
0.0 0.0 0.0 0.948185920715332 0.3150796592235565 -7.383412770067821e-10 -2.761202289036646e-08
0.0 -2.2610723972320557 0.0 0.9577117562294006 0.28772953152656555 0.0 -6.388878353563569e-17
0.0 0.0 0.0 0.9939271211624146 0.09204627573490143 -0.00804365798830986 -0.0015354894567281008
0.0 0.0 0.0 0.9951155185699463 0.08419625461101532 -0.0051344758830964565 0.01434940192848444
0.0 0.0 0.0 0.9243726134300232 -0.3779946267604828 0.011097724549472332 0.04246629774570465
0.0 0.0 0.0 0.7262790203094482 0.007209996227174997 -0.04509103670716286 0.6872341632843018
0.0 0.0 0.0 0.989646315574646 0.00925614032894373 -0.009375779889523983 0.1429220736026764
0.0 0.0 0.0 0.8185317516326904 -0.5692276358604431 -0.028074096888303757 -0.04045988619327545
0.0 0.0 0.0 0.6801367402076721 0.06417408585548401 0.15236282348632812 -0.7124042510986328
0.0 0.0 0.0 0.9768332242965698 0.18713155388832092 0.03291047737002373 -0.09846656024456024
0.0 0.0 0.0 0.834637463092804 -0.4200311005115509 4.1437155928747416e-09 6.741971958490467e-08
0.0 0.0 0.0 0.8328052163124084 0.4881466329097748 2.1783244097406396e-09 8.142714280623409e-10
0.0 0.0 0.0 0.9443137049674988 0.328612357378006 1.3268260934395926e-09 2.6964670496454346e-08
0.0 0.0 0.0 0.7705838084220886 -0.5622263550758362 -6.835676025218618e-09 2.0915301490731508e-08
0.0 0.0 0.0 0.7198077440261841 0.6530745625495911 1.911112157415573e-08 -6.214362358036851e-10
0.0 0.0 0.0 0.9503453373908997 0.3080580234527588 -7.383412770067821e-10 -2.761202289036646e-08
0.0 -2.2970662117004395 0.0 0.9577117562294006 0.28772953152656555 0.0 -6.388878353563569e-17
0.0 0.0 0.0 0.9939281940460205 0.09204000979661942 -0.016051001846790314 -0.002277091145515442
0.0 0.0 0.0 0.9946528077125549 0.08795779943466187 -0.00985337607562542 0.013559063896536827
0.0 0.0 0.0 0.9245627522468567 -0.3780144155025482 0.009548080153763294 0.03867432847619057
0.0 0.0 0.0 0.7252776622772217 0.007064306642860174 -0.045100051909685135 0.6881439685821533
0.0 0.0 0.0 0.989646315574646 0.00925614032894373 -0.009375779889523983 0.1429220736026764
0.0 0.0 0.0 0.8184531927108765 -0.5690845847129822 -0.03137136995792389 -0.04520734027028084
0.0 0.0 0.0 0.6853434443473816 0.06495466083288193 0.1519237458705902 -0.7075069546699524
0.0 0.0 0.0 0.9768332242965698 0.18713155388832092 0.03291047737002373 -0.09846656024456024
0.0 0.0 0.0 0.8521810173988342 -0.3699524998664856 4.1437155928747416e-09 6.741971958490467e-08
0.0 0.0 0.0 0.8399822115898132 0.46085041761398315 2.1783244097406396e-09 8.142714280623409e-10
0.0 0.0 0.0 0.9423015117645264 0.3343869745731354 1.3268260934395926e-09 2.6964670496454346e-08
0.0 0.0 0.0 0.7694817781448364 -0.5809518694877625 -6.835676025218618e-09 2.0915301490731508e-08
0.0 0.0 0.0 0.7228707671165466 0.6512733101844788 1.911112157415573e-08 -6.214362358036851e-10
0.0 0.0 0.0 0.952678382396698 0.300471693277359 -7.383412770067821e-10 -2.761202289036646e-08
0.0 -2.356417417526245 0.0 0.9577117562294006 0.28772953152656555 0.0 -6.388878353563569e-17
0.0 0.0 0.0 0.9939292669296265 0.09203401207923889 -0.023720834404230118 -0.002987433224916458
0.0 0.0 0.0 0.9938896894454956 0.09416034072637558 -0.01497975829988718 0.012695814482867718
0.0 0.0 0.0 0.9247449636459351 -0.37803012132644653 0.008063752204179764 0.03504218906164169
0.0 0.0 0.0 0.724436342716217 0.006924757733941078 -0.045107219368219376 0.6888670325279236
0.0 0.0 0.0 0.989646315574646 0.00925614032894373 -0.009375779889523983 0.1429220736026764
0.0 0.0 0.0 0.8183907866477966 -0.5689476132392883 -0.0345296636223793 -0.04975466802716255
0.0 0.0 0.0 0.6903306841850281 0.06566950678825378 0.15150319039821625 -0.7028160691261292
0.0 0.0 0.0 0.9768332242965698 0.18713155388832092 0.03291047737002373 -0.09846656024456024
0.0 0.0 0.0 0.8733459115028381 -0.31275948882102966 4.1437155928747416e-09 6.741971958490467e-08
0.0 0.0 0.0 0.8518165946006775 0.4278919994831085 2.1783244097406396e-09 8.142714280623409e-10
0.0 0.0 0.0 0.9403961300849915 0.3395739495754242 1.3268260934395926e-09 2.6964670496454346e-08
0.0 0.0 0.0 0.7685180306434631 -0.5973279476165771 -6.835676025218618e-09 2.0915301490731508e-08
0.0 0.0 0.0 0.728026270866394 0.6481871604919434 1.911112157415573e-08 -6.214362358036851e-10
0.0 0.0 0.0 0.9551018476486206 0.2925914525985718 -7.383412770067821e-10 -2.761202289036646e-08
0.0 -2.4365234375 0.0 0.9577117562294006 0.28772953152656555 0.0 -6.388878353563569e-17
0.0 0.0 0.0 0.9939302802085876 0.09202838689088821 -0.030902951955795288 -0.0036526070907711983
0.0 0.0 0.0 0.9928598403930664 0.10253188759088516 -0.02037222310900688 0.011783687397837639
0.0 0.0 0.0 0.9249154925346375 -0.3780422806739807 0.006673809140920639 0.03164100646972656
0.0 0.0 0.0 0.7237427234649658 0.006794082932174206 -0.04511275887489319 0.6894255876541138
0.0 0.0 0.0 0.989646315574646 0.00925614032894373 -0.009375779889523983 0.1429220736026764
0.0 0.0 0.0 0.8183425664901733 -0.5688193440437317 -0.037487130612134933 -0.05401284247636795
0.0 0.0 0.0 0.6950007677078247 0.06631266325712204 0.15110936760902405 -0.6984235048294067
0.0 0.0 0.0 0.9768332242965698 0.18713155388832092 0.03291047737002373 -0.09846656024456024
0.0 0.0 0.0 0.8955114483833313 -0.2549971640110016 4.1437155928747416e-09 6.741971958490467e-08
0.0 0.0 0.0 0.8677893877029419 0.39033809304237366 2.1783244097406396e-09 8.142714280623409e-10
0.0 0.0 0.0 0.9388959407806396 0.34348222613334656 1.3268260934395926e-09 2.6964670496454346e-08
0.0 0.0 0.0 0.7677080631256104 -0.6110920310020447 -6.835676025218618e-09 2.0915301490731508e-08
0.0 0.0 0.0 0.735168993473053 0.6438177824020386 1.911112157415573e-08 -6.214362358036851e-10
0.0 0.0 0.0 0.9575253129005432 0.2847112715244293 -7.383412770067821e-10 -2.761202289036646e-08
0.0 -2.532449960708618 0.0 0.9577117562294006 0.28772953152656555 0.0 -6.388878353563569e-17
0.0 0.0 0.0 0.9939311742782593 0.09202325344085693 -0.03746698051691055 -0.004260538145899773
0.0 0.0 0.0 0.9916265606880188 0.11255678534507751 -0.025825871154665947 0.010857775807380676
0.0 0.0 0.0 0.9250714182853699 -0.37805137038230896 0.005403483286499977 0.02853252738714218
0.0 0.0 0.0 0.7231829762458801 0.006674653384834528 -0.04511689394712448 0.6898427605628967
0.0 0.0 0.0 0.989646315574646 0.00925614032894373 -0.009375779889523983 0.1429220736026764
0.0 0.0 0.0 0.818306565284729 -0.5687021613121033 -0.04019008204340935 -0.057904552668333054
0.0 0.0 0.0 0.6992689967155457 0.06687983125448227 0.15074944496154785 -0.6944088935852051
0.0 0.0 0.0 0.9768332242965698 0.18713155388832092 0.03291047737002373 -0.09846656024456024
0.0 0.0 0.0 0.9158056378364563 -0.20335371792316437 4.1437155928747416e-09 6.741971958490467e-08
0.0 0.0 0.0 0.8869168162345886 0.34992411732673645 2.1783244097406396e-09 8.142714280623409e-10
0.0 0.0 0.0 0.9379977583885193 0.34574219584465027 1.3268260934395926e-09 2.6964670496454346e-08
0.0 0.0 0.0 0.7670606970787048 -0.6220914721488953 -6.835676025218618e-09 2.0915301490731508e-08
0.0 0.0 0.0 0.7440152764320374 0.6382616758346558 1.911112157415573e-08 -6.214362358036851e-10
0.0 0.0 0.0 0.9598583579063416 0.27712491154670715 -7.383412770067821e-10 -2.761202289036646e-08
0.0 -2.6370015144348145 0.0 0.9577117562294006 0.28772953152656555 0.0 -6.388878353563569e-17
0.0 0.0 0.0 0.9939320087432861 0.09201868623495102 -0.04330545663833618 -0.004801267758011818
0.0 0.0 0.0 0.990282416343689 0.12348304688930511 -0.031086614355444908 0.009961847215890884
0.0 0.0 0.0 0.9252099990844727 -0.3780578374862671 0.00427357479929924 0.025767650455236435
0.0 0.0 0.0 0.7227423191070557 0.006568425334990025 -0.045119863003492355 0.690142035484314
0.0 0.0 0.0 0.989646315574646 0.00925614032894373 -0.009375779889523983 0.1429220736026764
0.0 0.0 0.0 0.818280816078186 -0.5685979127883911 -0.04259425401687622 -0.06136607378721237
0.0 0.0 0.0 0.7030653953552246 0.06736839562654495 0.15042929351329803 -0.6908380389213562
0.0 0.0 0.0 0.9768332242965698 0.18713155388832092 0.03291047737002373 -0.09846656024456024
0.0 0.0 0.0 0.9325859546661377 -0.16129127144813538 2.6503435002211972e-09 6.513787553785733e-08
0.0 0.0 0.0 0.9077640175819397 0.30897805094718933 2.1783244097406396e-09 8.142714280623409e-10
0.0 0.0 0.0 0.9377166032791138 0.34643206000328064 2.3572761520540553e-09 2.6576554290613785e-08
0.0 0.0 0.0 0.7665748000144958 -0.6303477883338928 -6.835676025218618e-09 2.0915301490731508e-08
0.0 0.0 0.0 0.7540916204452515 0.6317249536514282 1.911112157415573e-08 -6.214362358036851e-10
0.0 0.0 0.0 0.9620177745819092 0.2701032757759094 -7.383412770067821e-10 -2.761202289036646e-08
0.0 -2.741553544998169 0.0 0.9577117562294006 0.28772953152656555 0.0 -6.388878353563569e-17
0.0 0.0 0.0 0.9939327239990234 0.09201475232839584 -0.0483347624540329 -0.005267057567834854
0.0 0.0 0.0 0.9889382719993591 0.13440930843353271 -0.035886794328689575 0.00914224423468113
0.0 0.0 0.0 0.9253294467926025 -0.37806224822998047 0.003300262615084648 0.023385968059301376
0.0 0.0 0.0 0.7224055528640747 0.006476919166743755 -0.04512187838554382 0.690345823764801
0.0 0.0 0.0 0.989646315574646 0.00925614032894373 -0.009375779889523983 0.1429220736026764
0.0 0.0 0.0 0.8182631731033325 -0.5685080885887146 -0.044665221124887466 -0.06434786319732666
0.0 0.0 0.0 0.7063356041908264 0.06777730584144592 0.1501535177230835 -0.6877621412277222
0.0 0.0 0.0 0.9768332242965698 0.18713155388832092 0.03291047737002373 -0.09846656024456024
0.0 0.0 0.0 0.9481073021888733 -0.12398365139961243 2.6503435002211972e-09 6.513787553785733e-08
0.0 0.0 0.0 0.9286112189292908 0.2701226770877838 2.1783244097406396e-09 8.142714280623409e-10
0.0 0.0 0.0 0.9389813542366028 0.3427659571170807 2.3572761520540553e-09 2.6576554290613785e-08
0.0 0.0 0.0 0.7662369012832642 -0.6360884308815002 -6.835676025218618e-09 2.0915301490731508e-08
0.0 0.0 0.0 0.7647817134857178 0.6245095729827881 1.911112157415573e-08 -6.214362358036851e-10
0.0 0.0 0.0 0.963932991027832 0.2638758420944214 -7.383412770067821e-10 -2.761202289036646e-08
0.0 -2.837480306625366 0.0 0.9577117562294006 0.28772953152656555 0.0 -6.388878353563569e-17
0.0 0.0 0.0 0.9939332604408264 0.09201149642467499 -0.052494555711746216 -0.0056523168459534645
0.0 0.0 0.0 0.9877049326896667 0.14443421363830566 -0.039991579949855804 0.008439876139163971
0.0 0.0 0.0 0.9254282712936401 -0.3780650794506073 0.0024952273815870285 0.02141604572534561
0.0 0.0 0.0 0.7221581339836121 0.0064012338407337666 -0.045123159885406494 0.6904751658439636
0.0 0.0 0.0 0.989646315574646 0.00925614032894373 -0.009375779889523983 0.1429220736026764
0.0 0.0 0.0 0.8182519674301147 -0.5684338212013245 -0.04637814313173294 -0.0668141171336174
0.0 0.0 0.0 0.7090404629707336 0.06810685247182846 0.14992544054985046 -0.6852180361747742
0.0 0.0 0.0 0.9768332242965698 0.18713155388832092 0.03291047737002373 -0.09846656024456024
0.0 0.0 0.0 0.9642676711082458 -0.08772905170917511 2.6503435002211972e-09 6.513787553785733e-08
0.0 0.0 0.0 0.9477386474609375 0.2358318567276001 2.1783244097406396e-09 8.142714280623409e-10
0.0 0.0 0.0 0.942715585231781 0.33189529180526733 2.3572761520540553e-09 2.6576554290613785e-08
0.0 0.0 0.0 0.7660232186317444 -0.6397200226783752 -6.835676025218618e-09 2.0915301490731508e-08
0.0 0.0 0.0 0.775425136089325 0.6169655323028564 1.911112157415573e-08 -6.214362358036851e-10
0.0 0.0 0.0 0.9655492305755615 0.2586202621459961 -7.383412770067821e-10 -2.761202289036646e-08
0.0 -2.917586326599121 0.0 0.9577117562294006 0.28772953152656555 0.0 -6.388878353563569e-17
0.0 0.0 0.0 0.9939336776733398 0.09200894832611084 -0.05574563145637512 -0.005953417159616947
0.0 0.0 0.0 0.9866750836372375 0.15280574560165405 -0.04323582351207733 0.007883764803409576
0.0 0.0 0.0 0.9255054593086243 -0.3780667185783386 0.0018660500645637512 0.019876450300216675
0.0 0.0 0.0 0.7219861745834351 0.006342082284390926 -0.04512389749288559 0.6905493140220642
0.0 0.0 0.0 0.989646315574646 0.00925614032894373 -0.009375779889523983 0.1429220736026764
0.0 0.0 0.0 0.8182456493377686 -0.5683757066726685 -0.047716885805130005 -0.06874163448810577
0.0 0.0 0.0 0.7111544609069824 0.06835845112800598 0.14974716305732727 -0.6832296252250671
0.0 0.0 0.0 0.9768332242965698 0.18713155388832092 0.03291047737002373 -0.09846656024456024
0.0 0.0 0.0 0.9792631268501282 -0.056142657995224 2.6503435002211972e-09 6.513787553785733e-08
0.0 0.0 0.0 0.9637115001678467 0.20802965760231018 2.1783244097406396e-09 8.142714280623409e-10
0.0 0.0 0.0 0.9482230544090271 0.31574296951293945 2.3572761520540553e-09 2.6576554290613785e-08
0.0 0.0 0.0 0.7659038305282593 -0.6417500972747803 -6.835676025218618e-09 2.0915301490731508e-08
0.0 0.0 0.0 0.7854300141334534 0.6094302535057068 1.911112157415573e-08 -6.214362358036851e-10
0.0 0.0 0.0 0.9668286442756653 0.25446003675460815 -7.383412770067821e-10 -2.761202289036646e-08
0.0 -2.9769375324249268 0.0 0.9577117562294006 0.28772953152656555 0.0 -6.388878353563569e-17
0.0 0.0 0.0 0.9939340353012085 0.09200713038444519 -0.058067306876182556 -0.006168439984321594
0.0 0.0 0.0 0.985912024974823 0.15900829434394836 -0.04553698003292084 0.007488730363547802
0.0 0.0 0.0 0.9255606532096863 -0.3780674934387207 0.0014167428016662598 0.018776997923851013
0.0 0.0 0.0 0.7218769788742065 0.006299840286374092 -0.045124251395463943 0.6905853152275085
0.0 0.0 0.0 0.989646315574646 0.00925614032894373 -0.009375779889523983 0.1429220736026764
0.0 0.0 0.0 0.8182424902915955 -0.5683342814445496 -0.04867289960384369 -0.07011809945106506
0.0 0.0 0.0 0.7126641273498535 0.06853434443473816 0.14961986243724823 -0.6818097233772278
0.0 0.0 0.0 0.9768332242965698 0.18713155388832092 0.03291047737002373 -0.09846656024456024
0.0 0.0 0.0 0.9908768534660339 -0.03298603370785713 2.6503435002211972e-09 6.513787553785733e-08
0.0 0.0 0.0 0.9755458831787109 0.1878962516784668 2.1783244097406396e-09 8.142714280623409e-10
0.0 0.0 0.0 0.9540004134178162 0.2985725998878479 2.3572761520540553e-09 2.6576554290613785e-08
0.0 0.0 0.0 0.7658481597900391 -0.6426940560340881 -6.835676025218618e-09 2.0915301490731508e-08
0.0 0.0 0.0 0.7943496108055115 0.6021804213523865 1.911112157415573e-08 -6.214362358036851e-10
0.0 0.0 0.0 0.9677485823631287 0.251468688249588 -7.383412770067821e-10 -2.761202289036646e-08
0.0 -3.0129313468933105 0.0 0.9577117562294006 0.28772953152656555 0.0 -6.388878353563569e-17
0.0 0.0 0.0 0.9939342141151428 0.09200605005025864 -0.05945423245429993 -0.00629688985645771
0.0 0.0 0.0 0.9854493141174316 0.1627698689699173 -0.04688481241464615 0.0072570675984025
0.0 0.0 0.0 0.9255935549736023 -0.3780677616596222 0.0011483319103717804 0.01812019944190979
0.0 0.0 0.0 0.7218188643455505 0.006274606101214886 -0.04512437433004379 0.6905977725982666
0.0 0.0 0.0 0.989646315574646 0.00925614032894373 -0.009375779889523983 0.1429220736026764
0.0 0.0 0.0 0.8182414770126343 -0.568309485912323 -0.049244001507759094 -0.07094037532806396
0.0 0.0 0.0 0.7135658860206604 0.0686374381184578 0.14954380691051483 -0.6809614896774292
0.0 0.0 0.0 0.9768332242965698 0.18713155388832092 0.03291047737002373 -0.09846656024456024
0.0 0.0 0.0 0.9977426528930664 -0.01990172080695629 2.6503435002211972e-09 6.513787553785733e-08
0.0 0.0 0.0 0.982722818851471 0.17590287327766418 2.1783244097406396e-09 8.142714280623409e-10
0.0 0.0 0.0 0.9584767818450928 0.28490352630615234 2.3572761520540553e-09 2.6576554290613785e-08
0.0 0.0 0.0 0.7658298015594482 -0.643005907535553 -6.835676025218618e-09 2.0915301490731508e-08
0.0 0.0 0.0 0.801904022693634 0.5954110026359558 1.911112157415573e-08 -6.214362358036851e-10
0.0 0.0 0.0 0.9682995080947876 0.24967753887176514 -7.383412770067821e-10 -2.761202289036646e-08
0.0 -3.0248541831970215 0.0 0.9577117562294006 0.28772953152656555 0.0 -6.388878353563569e-17
0.0 0.0 0.0 0.9939342737197876 0.09200568497180939 -0.05991331487894058 -0.006339408457279205
0.0 0.0 0.0 0.9852960109710693 0.16401587426662445 -0.04731972888112068 0.007182242814451456
0.0 0.0 0.0 0.9256044626235962 -0.3780677914619446 0.0010594886261969805 0.01790279895067215
0.0 0.0 0.0 0.7218015789985657 0.0062662530690431595 -0.045124392956495285 0.6905994415283203
0.0 0.0 0.0 0.989646315574646 0.00925614032894373 -0.009375779889523983 0.1429220736026764
0.0 0.0 0.0 0.8182412981987 -0.5683013200759888 -0.04943305253982544 -0.07121257483959198
0.0 0.0 0.0 0.7138644456863403 0.06867101043462753 0.14951863884925842 -0.6806806921958923
0.0 0.0 0.0 0.9768332242965698 0.18713155388832092 0.03291047737002373 -0.09846656024456024
0.0 0.0 0.0 0.9998725652694702 -0.015977293252944946 8.81239525796218e-15 1.3967809131543163e-09
0.0 0.0 0.0 0.9851002097129822 0.17198249697685242 2.5627315825005326e-09 -6.661338147750939e-15
0.0 0.0 0.0 0.9608107805252075 0.27720555663108826 6.661338147750939e-16 2.8364761206489675e-08
0.0 0.0 0.0 0.765827476978302 -0.6430461406707764 -2.886579864025407e-15 5.6216872934555795e-08
0.0 0.0 0.0 0.8079589009284973 0.5892391800880432 9.609393121989222e-15 1.3788409950011367e-15
0.0 0.0 0.0 0.9684816598892212 0.24908508360385895 6.661338147750939e-16 -2.177570834760445e-08
0.0 -3.012918472290039 0.0 0.9577117562294006 0.28772953152656555 0.0 -6.388878353563569e-17
0.0 0.0 0.0 0.993934154510498 0.09200602024793625 -0.059477731585502625 -0.006299066357314587
0.0 0.0 0.0 0.9854528903961182 0.16272424161434174 -0.046885501593351364 0.007257023826241493
0.0 0.0 0.0 0.92559415102005 -0.37806496024131775 0.0011436684289947152 0.018108787015080452
0.0 0.0 0.0 0.7219198942184448 0.0062741669826209545 -0.04512310400605202 0.6904695630073547
0.0 0.0 0.0 0.989646315574646 0.00925614032894373 -0.009375779889523983 0.1429220736026764
0.0 0.0 0.0 0.8182525038719177 -0.5683090686798096 -0.04925393685698509 -0.07095468044281006
0.0 0.0 0.0 0.7135816216468811 0.06861080974340439 0.14954249560832977 -0.6809467077255249
0.0 0.0 0.0 0.9768332242965698 0.18713155388832092 0.03291047737002373 -0.09846656024456024
0.0 0.0 0.0 0.9964976906776428 -0.02242610789835453 8.81239525796218e-15 1.3967809131543163e-09
0.0 0.0 0.0 0.9808837175369263 0.1795784831047058 2.5627315825005326e-09 -6.661338147750939e-15
0.0 0.0 0.0 0.9619409441947937 0.27294376492500305 6.661338147750939e-16 2.8364761206489675e-08
0.0 0.0 0.0 0.7665281891822815 -0.6411917805671692 -2.886579864025407e-15 5.6216872934555795e-08
0.0 0.0 0.0 0.8132114410400391 0.5832741260528564 9.609393121989222e-15 1.3788409950011367e-15
0.0 0.0 0.0 0.9681888222694397 0.2500723600387573 6.661338147750939e-16 -2.177570834760445e-08
0.0 -2.97688627243042 0.0 0.9577117562294006 0.28772953152656555 0.0 -6.388878353563569e-17
0.0 0.0 0.0 0.9939338564872742 0.09200698137283325 -0.05824626237154007 -0.006185014266520739
0.0 0.0 0.0 0.9859263300895691 0.15882501006126404 -0.04553975537419319 0.007488559000194073
0.0 0.0 0.0 0.9255648851394653 -0.37805700302124023 0.0013816577848047018 0.01869114488363266
0.0 0.0 0.0 0.7222544550895691 0.006296542007476091 -0.04511946812272072 0.6901025176048279
0.0 0.0 0.0 0.989646315574646 0.00925614032894373 -0.009375779889523983 0.1429220736026764
0.0 0.0 0.0 0.8182842135429382 -0.5683310627937317 -0.048747554421424866 -0.07022556662559509
0.0 0.0 0.0 0.7127820253372192 0.06844061613082886 0.14960992336273193 -0.6816988587379456
0.0 0.0 0.0 0.9768332242965698 0.18713155388832092 0.03291047737002373 -0.09846656024456024
0.0 0.0 0.0 0.986293375492096 -0.042093899101018906 8.81239525796218e-15 1.3967809131543163e-09
0.0 0.0 0.0 0.968154788017273 0.20250947773456573 2.5627315825005326e-09 -6.661338147750939e-15
0.0 0.0 0.0 0.9629712700843811 0.2690589725971222 6.661338147750939e-16 2.8364761206489675e-08
0.0 0.0 0.0 0.7687020301818848 -0.6353633999824524 -2.886579864025407e-15 5.6216872934555795e-08
0.0 0.0 0.0 0.8183009028434753 0.5770787596702576 9.609393121989222e-15 1.3788409950011367e-15
0.0 0.0 0.0 0.9673048257827759 0.2530527412891388 6.661338147750939e-16 -2.177570834760445e-08
0.0 -2.9174721240997314 0.0 0.9577117562294006 0.28772953152656555 0.0 -6.388878353563569e-17
0.0 0.0 0.0 0.9939334988594055 0.09200847148895264 -0.056315209716558456 -0.006006169132888317
0.0 0.0 0.0 0.9867071509361267 0.15239544212818146 -0.04324203357100487 0.007883381098508835
0.0 0.0 0.0 0.9255191087722778 -0.378044456243515 0.001754846889525652 0.019604336470365524
0.0 0.0 0.0 0.7227790355682373 0.006331627257168293 -0.045113760977983475 0.6895268559455872
0.0 0.0 0.0 0.989646315574646 0.00925614032894373 -0.009375779889523983 0.1429220736026764
0.0 0.0 0.0 0.8183338642120361 -0.5683654546737671 -0.047953493893146515 -0.06908224523067474
0.0 0.0 0.0 0.7115281224250793 0.06817372888326645 0.14971566200256348 -0.6828782558441162
0.0 0.0 0.0 0.9768332242965698 0.18713155388832092 0.03291047737002373 -0.09846656024456024
0.0 0.0 0.0 0.9694311618804932 -0.07497530430555344 8.81239525796218e-15 1.3967809131543163e-09
0.0 0.0 0.0 0.9471657872200012 0.24032104015350342 2.5627315825005326e-09 -6.661338147750939e-15
0.0 0.0 0.0 0.9639129638671875 0.2655077874660492 6.661338147750939e-16 2.8364761206489675e-08
0.0 0.0 0.0 0.7723638415336609 -0.6253711581230164 -2.886579864025407e-15 5.6216872934555795e-08
0.0 0.0 0.0 0.8230539560317993 0.5706726908683777 9.609393121989222e-15 1.3788409950011367e-15
0.0 0.0 0.0 0.9658471941947937 0.25796717405319214 6.661338147750939e-16 -2.177570834760445e-08
0.0 -2.837280750274658 0.0 0.9577117562294006 0.28772953152656555 0.0 -6.388878353563569e-17
0.0 0.0 0.0 0.9939329028129578 0.09201045334339142 -0.05376332253217697 -0.005769825074821711
0.0 0.0 0.0 0.9877608418464661 0.14371749758720398 -0.04000241681933403 0.008439207449555397
0.0 0.0 0.0 0.9254586100578308 -0.37802791595458984 0.0022480168845504522 0.02081112004816532
0.0 0.0 0.0 0.7234722971916199 0.006377992685884237 -0.04510622099041939 0.6887661814689636
0.0 0.0 0.0 0.989646315574646 0.00925614032894373 -0.009375779889523983 0.1429220736026764
0.0 0.0 0.0 0.8183994889259338 -0.5684109926223755 -0.046904146671295166 -0.06757134944200516
0.0 0.0 0.0 0.7098711133003235 0.06782103329896927 0.14985539019107819 -0.6844367384910583
0.0 0.0 0.0 0.9768332242965698 0.18713155388832092 0.03291047737002373 -0.09846656024456024
0.0 0.0 0.0 0.9466087222099304 -0.12014801800251007 8.81239525796218e-15 1.3967809131543163e-09
0.0 0.0 0.0 0.9188368320465088 0.2913551926612854 2.5627315825005326e-09 -6.661338147750939e-15
0.0 0.0 0.0 0.9647756218910217 0.2622549533843994 6.661338147750939e-16 2.8364761206489675e-08
0.0 0.0 0.0 0.777339518070221 -0.6114857792854309 -2.886579864025407e-15 5.6216872934555795e-08
0.0 0.0 0.0 0.8272619843482971 0.5641119480133057 9.609393121989222e-15 1.3788409950011367e-15
0.0 0.0 0.0 0.9638797640800476 0.2646002173423767 6.661338147750939e-16 -2.177570834760445e-08
0.0 -2.7412519454956055 0.0 0.9577117562294006 0.28772953152656555 0.0 -6.388878353563569e-17
0.0 0.0 0.0 0.9939321875572205 0.09201285988092422 -0.050656091421842575 -0.00548204779624939
0.0 0.0 0.0 0.9890227913856506 0.13332566618919373 -0.03590318560600281 0.009141234681010246
0.0 0.0 0.0 0.9253849387168884 -0.37800779938697815 0.0028485108632594347 0.022280525416135788
0.0 0.0 0.0 0.7243163585662842 0.006434448063373566 -0.04509704187512398 0.6878398656845093
0.0 0.0 0.0 0.989646315574646 0.00925614032894373 -0.009375779889523983 0.1429220736026764
0.0 0.0 0.0 0.8184794187545776 -0.5684664249420166 -0.0456264428794384 -0.06573165208101273
0.0 0.0 0.0 0.7078534364700317 0.06739159673452377 0.15002553164958954 -0.686334490776062
0.0 0.0 0.0 0.9768332242965698 0.18713155388832092 0.03291047737002373 -0.09846656024456024
0.0 0.0 0.0 0.9191780686378479 -0.1755012422800064 8.81239525796218e-15 1.3967809131543163e-09
0.0 0.0 0.0 0.8849131464958191 0.35246846079826355 2.5627315825005326e-09 -6.661338147750939e-15
0.0 0.0 0.0 0.9655668139457703 0.25927144289016724 6.661338147750939e-16 2.8364761206489675e-08
0.0 0.0 0.0 0.7832292318344116 -0.594575822353363 -2.886579864025407e-15 5.6216872934555795e-08
0.0 0.0 0.0 0.8307287096977234 0.5574894547462463 9.609393121989222e-15 1.3788409950011367e-15
0.0 0.0 0.0 0.9615238308906555 0.2725432217121124 6.661338147750939e-16 -2.177570834760445e-08
0.0 -2.6365890502929688 0.0 0.9577117562294006 0.28772953152656555 0.0 -6.388878353563569e-17
0.0 0.0 0.0 0.9939314126968384 0.09201565384864807 -0.04704882577061653 -0.005147960036993027
0.0 0.0 0.0 0.990398108959198 0.12199948728084564 -0.031109053641557693 0.009960463270545006
0.0 0.0 0.0 0.925299346446991 -0.3779844045639038 0.0035456393379718065 0.023986393585801125
0.0 0.0 0.0 0.7252963185310364 0.006499988492578268 -0.04508638754487038 0.6867645382881165
0.0 0.0 0.0 0.989646315574646 0.00925614032894373 -0.009375779889523983 0.1429220736026764
0.0 0.0 0.0 0.8185722827911377 -0.5685306787490845 -0.04414311796426773 -0.06359589844942093
0.0 0.0 0.0 0.705511212348938 0.06689304113388062 0.150223046541214 -0.68853759765625
0.0 0.0 0.0 0.9768332242965698 0.18713155388832092 0.03291047737002373 -0.09846656024456024
0.0 0.0 0.0 0.8891314268112183 -0.23770074546337128 8.81239525796218e-15 1.3967809131543163e-09
0.0 0.0 0.0 0.8479391932487488 0.4190765619277954 2.5627315825005326e-09 -6.661338147750939e-15
0.0 0.0 0.0 0.9662930965423584 0.2565329968929291 6.661338147750939e-16 2.8364761206489675e-08
0.0 0.0 0.0 0.7894790768623352 -0.5759768486022949 -2.886579864025407e-15 5.6216872934555795e-08
0.0 0.0 0.0 0.8333338499069214 0.5509148836135864 9.609393121989222e-15 1.3788409950011367e-15
0.0 0.0 0.0 0.9589560031890869 0.2812004089355469 6.661338147750939e-16 -2.177570834760445e-08
0.0 -2.531925678253174 0.0 0.9577117562294006 0.28772953152656555 0.0 -6.388878353563569e-17
0.0 0.0 0.0 0.9939305186271667 0.09201879799365997 -0.04298890009522438 -0.004771948792040348
0.0 0.0 0.0 0.9917734861373901 0.11067329347133636 -0.025854356586933136 0.010856019333004951
0.0 0.0 0.0 0.9252030849456787 -0.3779580891132355 0.0043302481062710285 0.02590632438659668
0.0 0.0 0.0 0.7263992428779602 0.0065737534314394 -0.04507438838481903 0.6855543255805969
0.0 0.0 0.0 0.989646315574646 0.00925614032894373 -0.009375779889523983 0.1429220736026764
0.0 0.0 0.0 0.8186767101287842 -0.5686031579971313 -0.04247366264462471 -0.061192139983177185
0.0 0.0 0.0 0.7028749585151672 0.06633193790912628 0.1504453718662262 -0.6910171508789062
0.0 0.0 0.0 0.9768332242965698 0.18713155388832092 0.03291047737002373 -0.09846656024456024
0.0 0.0 0.0 0.8588733077049255 -0.3025384545326233 8.81239525796218e-15 1.3967809131543163e-09
0.0 0.0 0.0 0.8109652996063232 0.4856848120689392 2.5627315825005326e-09 -6.661338147750939e-15
0.0 0.0 0.0 0.9669597744941711 0.2540190815925598 6.661338147750939e-16 2.8364761206489675e-08
0.0 0.0 0.0 0.7955408096313477 -0.557106614112854 -2.886579864025407e-15 5.6216872934555795e-08
0.0 0.0 0.0 0.8350679278373718 0.5444826483726501 9.609393121989222e-15 1.3788409950011367e-15
0.0 0.0 0.0 0.9563882946968079 0.2898575961589813 6.661338147750939e-16 -2.177570834760445e-08
0.0 -2.435896873474121 0.0 0.9577117562294006 0.28772953152656555 0.0 -6.388878353563569e-17
0.0 0.0 0.0 0.9939295053482056 0.09202225506305695 -0.03851742669939995 -0.004357822239398956
0.0 0.0 0.0 0.9930354356765747 0.1002814769744873 -0.02040625922381878 0.01178158912807703
0.0 0.0 0.0 0.9250970482826233 -0.37792912125587463 0.005194391123950481 0.02802087925374508
0.0 0.0 0.0 0.7276139259338379 0.006654995493590832 -0.045061178505420685 0.6842213869094849
0.0 0.0 0.0 0.989646315574646 0.00925614032894373 -0.009375779889523983 0.1429220736026764
0.0 0.0 0.0 0.8187916874885559 -0.5686829090118408 -0.04063497111201286 -0.058544714003801346
0.0 0.0 0.0 0.6999714970588684 0.06571394205093384 0.1506901979446411 -0.6937481164932251
0.0 0.0 0.0 0.9768332242965698 0.18713155388832092 0.03291047737002373 -0.09846656024456024
0.0 0.0 0.0 0.8308238983154297 -0.36561834812164307 8.81239525796218e-15 1.3967809131543163e-09
0.0 0.0 0.0 0.7770415544509888 0.5467979907989502 2.5627315825005326e-09 -6.661338147750939e-15
0.0 0.0 0.0 0.967571496963501 0.2517123520374298 6.661338147750939e-16 2.8364761206489675e-08
0.0 0.0 0.0 0.8010085821151733 -0.5390926599502563 -2.886579864025407e-15 5.6216872934555795e-08
0.0 0.0 0.0 0.8360137343406677 0.538251519203186 9.609393121989222e-15 1.3788409950011367e-15
0.0 0.0 0.0 0.9540323615074158 0.2978006601333618 6.661338147750939e-16 -2.177570834760445e-08
0.0 -2.355705499649048 0.0 0.9577117562294006 0.28772953152656555 0.0 -6.388878353563569e-17
0.0 0.0 0.0 0.9939284324645996 0.09202601760625839 -0.0336705818772316 -0.003908930346369743
0.0 0.0 0.0 0.9940891861915588 0.09160353243350983 -0.015018431469798088 0.012693430297076702
0.0 0.0 0.0 0.9249820709228516 -0.3778976798057556 0.0061310771852731705 0.03031294420361519
0.0 0.0 0.0 0.728930652141571 0.006743057630956173 -0.0450468584895134 0.6827765703201294
0.0 0.0 0.0 0.989646315574646 0.00925614032894373 -0.009375779889523983 0.1429220736026764
0.0 0.0 0.0 0.818916380405426 -0.5687692761421204 -0.038641929626464844 -0.055675044655799866
0.0 0.0 0.0 0.696824312210083 0.06504407525062561 0.15095558762550354 -0.6967083215713501
0.0 0.0 0.0 0.9768332242965698 0.18713155388832092 0.03291047737002373 -0.09846656024456024
0.0 0.0 0.0 0.8070158958435059 -0.4230963885784149 8.81239525796218e-15 1.3967809131543163e-09
0.0 0.0 0.0 0.7487126588821411 0.5978320837020874 2.5627315825005326e-09 -6.661338147750939e-15
0.0 0.0 0.0 0.9681322574615479 0.24959777295589447 6.661338147750939e-16 2.8364761206489675e-08
0.0 0.0 0.0 0.8056579828262329 -0.5226307511329651 -2.284460398627175e-10 5.437844663447322e-08
0.0 0.0 0.0 0.836298942565918 0.5322434902191162 4.454688840027643e-10 4.5203181475717e-12
0.0 0.0 0.0 0.9520649909973145 0.3044336438179016 6.661338147750939e-16 -2.177570834760445e-08
0.0 -2.2962913513183594 0.0 0.9577117562294006 0.28772953152656555 0.0 -6.388878353563569e-17
0.0 0.0 0.0 0.9939272999763489 0.09203004091978073 -0.02848062664270401 -0.003428261261433363
0.0 0.0 0.0 0.9948698878288269 0.08517397195100784 -0.009895479306578636 0.0135564673691988
0.0 0.0 0.0 0.9248589873313904 -0.3778640329837799 0.007134071085602045 0.03276726230978966
0.0 0.0 0.0 0.7303404808044434 0.00683735404163599 -0.04503152519464493 0.6812294125556946
0.0 0.0 0.0 0.989646315574646 0.00925614032894373 -0.009375779889523983 0.1429220736026764
0.0 0.0 0.0 0.8190498948097229 -0.5688618421554565 -0.036507800221443176 -0.05260223150253296
0.0 0.0 0.0 0.6934543251991272 0.06432678550481796 0.1512397825717926 -0.6998780369758606
0.0 0.0 0.0 0.9768332242965698 0.18713155388832092 0.03291047737002373 -0.09846656024456024
0.0 0.0 0.0 0.7888574600219727 -0.47216135263442993 8.81239525796218e-15 1.3967809131543163e-09
0.0 0.0 0.0 0.7277235984802246 0.6356437802314758 2.5627315825005326e-09 -6.661338147750939e-15
0.0 0.0 0.0 0.9686455130577087 0.2476625144481659 6.661338147750939e-16 2.8364761206489675e-08
0.0 0.0 0.0 0.8083864450454712 -0.5084586143493652 -2.284460398627175e-10 5.437844663447322e-08
0.0 0.0 0.0 0.8359097838401794 0.5286418199539185 4.454688840027643e-10 4.5203181475717e-12
0.0 0.0 0.0 0.9506072998046875 0.30934807658195496 6.661338147750939e-16 -2.177570834760445e-08
0.0 -2.2602591514587402 0.0 0.9577117562294006 0.28772953152656555 0.0 -6.388878353563569e-17
0.0 0.0 0.0 0.9939260482788086 0.09203430265188217 -0.022976819425821304 -0.0029185244347900152
0.0 0.0 0.0 0.9953433871269226 0.08127473294734955 -0.005178656429052353 0.01434667780995369
0.0 0.0 0.0 0.9247284531593323 -0.37782835960388184 0.008197720162570477 0.035370007157325745
0.0 0.0 0.0 0.731835663318634 0.006937352474778891 -0.04501526430249214 0.6795887351036072
0.0 0.0 0.0 0.989646315574646 0.00925614032894373 -0.009375779889523983 0.1429220736026764
0.0 0.0 0.0 0.8191915154457092 -0.5689600110054016 -0.034244608134031296 -0.049343593418598175
0.0 0.0 0.0 0.6898805499076843 0.06356611847877502 0.15154114365577698 -0.7032394409179688
0.0 0.0 0.0 0.9768332242965698 0.18713155388832092 0.03291047737002373 -0.09846656024456024
0.0 0.0 0.0 0.7771065831184387 -0.5111392140388489 8.81239525796218e-15 1.3967809131543163e-09
0.0 0.0 0.0 0.7149946689605713 0.6585747599601746 2.5627315825005326e-09 -6.661338147750939e-15
0.0 0.0 0.0 0.9691140651702881 0.2458954155445099 6.661338147750939e-16 2.8364761206489675e-08
0.0 0.0 0.0 0.8107667565345764 -0.4928625822067261 -2.284460398627175e-10 5.437844663447322e-08
0.0 0.0 0.0 0.8350770473480225 0.5256497263908386 4.454688840027643e-10 4.5203181475717e-12
0.0 0.0 0.0 0.9497233033180237 0.3123284578323364 6.661338147750939e-16 -2.177570834760445e-08
0.0 -2.248323440551758 0.0 0.9577117562294006 0.28772953152656555 0.0 -6.388878353563569e-17
0.0 0.0 0.0 0.9939247369766235 0.09203878790140152 -0.017186112701892853 -0.0023822165094316006
0.0 0.0 0.0 0.9955002665519714 0.07998310029506683 -0.0009498873259872198 0.015050314366817474
0.0 0.0 0.0 0.9245911836624146 -0.37779080867767334 0.009316813200712204 0.03810841962695122
0.0 0.0 0.0 0.7334087491035461 0.0070425644516944885 -0.044998154044151306 0.6778625249862671
0.0 0.0 0.0 0.989646315574646 0.00925614032894373 -0.009375779889523983 0.1429220736026764
0.0 0.0 0.0 0.8193404674530029 -0.5690633058547974 -0.03186344727873802 -0.045915089547634125
0.0 0.0 0.0 0.6861204504966736 0.06276579946279526 0.15185822546482086 -0.7067760825157166
0.0 0.0 0.0 0.9768332242965698 0.18713155388832092 0.03291047737002373 -0.09846656024456024
0.0 0.0 0.0 0.7719907760620117 -0.5393241047859192 -6.831324839140507e-09 2.0477225248782815e-08
0.0 0.0 0.0 0.7107781767845154 0.6661707162857056 2.665911225108175e-08 -1.8870691675942908e-09
0.0 0.0 0.0 0.9695407152175903 0.24428683519363403 6.661338147750939e-16 2.8364761206489675e-08
0.0 0.0 0.0 0.8176077604293823 -0.46944719552993774 4.418469590206087e-09 6.79708662687517e-08
0.0 0.0 0.0 0.8346878290176392 0.5158653855323792 -1.1938943167422167e-08 -2.0052759452937607e-10
0.0 0.0 0.0 0.9494304656982422 0.313315749168396 6.262124152556225e-11 -2.8371001548066488e-08
0.0 -2.2594616413116455 0.0 0.9577117562294006 0.28772953152656555 0.0 -6.388878353563569e-17
0.0 0.0 0.0 0.9939234256744385 0.09204347431659698 -0.011133896186947823 -0.0018216888420283794
0.0 0.0 0.0 0.9953547120094299 0.08115752786397934 0.003145368304103613 0.015726396813988686
0.0 0.0 0.0 0.9244476556777954 -0.3777516186237335 0.010486445389688015 0.04097050428390503
0.0 0.0 0.0 0.7350528836250305 0.0071525271050632 -0.04498027265071869 0.6760584115982056
0.0 0.0 0.0 0.989646315574646 0.00925614032894373 -0.009375779889523983 0.1429220736026764
0.0 0.0 0.0 0.8194961547851562 -0.5691711902618408 -0.029374752193689346 -0.0423317551612854
0.0 0.0 0.0 0.6821905970573425 0.06192934140563011 0.15218962728977203 -0.7104724049568176
0.0 0.0 0.0 0.9768332242965698 0.18713155388832092 0.03291047737002373 -0.09846656024456024
0.0 0.0 0.0 0.7703096866607666 -0.5603135228157043 -6.831324839140507e-09 2.0477225248782815e-08
0.0 0.0 0.0 0.7121739983558655 0.6650577783584595 2.665911225108175e-08 -1.8870691675942908e-09
0.0 0.0 0.0 0.9699274301528931 0.2428283542394638 6.661338147750939e-16 2.8364761206489675e-08
0.0 0.0 0.0 0.8284072279930115 -0.4393615126609802 4.418469590206087e-09 6.79708662687517e-08
0.0 0.0 0.0 0.8368749022483826 0.4987073540687561 -1.1938943167422167e-08 -2.0052759452937607e-10
0.0 0.0 0.0 0.9495456218719482 0.3129606246948242 6.262124152556225e-11 -2.8371001548066488e-08
0.0 -2.2902188301086426 0.0 0.9577117562294006 0.28772953152656555 0.0 -6.388878353563569e-17
0.0 0.0 0.0 0.9939219951629639 0.09204834699630737 -0.004844728857278824 -0.0012392161879688501
0.0 0.0 0.0 0.9949527382850647 0.08440059423446655 0.007450551725924015 0.01643267832696438
0.0 0.0 0.0 0.9242984652519226 -0.37771081924438477 0.011701870709657669 0.04394464194774628
0.0 0.0 0.0 0.7367613911628723 0.007266795262694359 -0.04496169090270996 0.6741836071014404
0.0 0.0 0.0 0.989646315574646 0.00925614032894373 -0.009375779889523983 0.1429220736026764
0.0 0.0 0.0 0.8196579217910767 -0.5692833662033081 -0.02678861655294895 -0.0386081300675869
0.0 0.0 0.0 0.6781068444252014 0.06106013059616089 0.15253399312496185 -0.7143134474754333
0.0 0.0 0.0 0.9768332242965698 0.18713155388832092 0.03291047737002373 -0.09846656024456024
0.0 0.0 0.0 0.7688805460929871 -0.578156590461731 -6.831324839140507e-09 2.0477225248782815e-08
0.0 0.0 0.0 0.7160283327102661 0.6619846224784851 2.665911225108175e-08 -1.8870691675942908e-09
0.0 0.0 0.0 0.9702763557434082 0.24151276051998138 6.661338147750939e-16 2.8364761206489675e-08
0.0 0.0 0.0 0.8413205146789551 -0.40505385398864746 4.418469590206087e-09 6.79708662687517e-08
0.0 0.0 0.0 0.8429141044616699 0.4759972095489502 -1.1938943167422167e-08 -2.0052759452937607e-10
0.0 0.0 0.0 0.9498635530471802 0.3119800090789795 6.262124152556225e-11 -2.8371001548066488e-08
0.0 -2.3372457027435303 0.0 0.9577117562294006 0.28772953152656555 0.0 -6.388878353563569e-17
0.0 0.0 0.0 0.9939205646514893 0.0920533835887909 0.001656893640756607 -0.0006370656192302704
0.0 0.0 0.0 0.9943381547927856 0.08935914933681488 0.011911561712622643 0.017160972580313683
0.0 0.0 0.0 0.9241442680358887 -0.37766870856285095 0.012958355247974396 0.04701925069093704
0.0 0.0 0.0 0.7385275959968567 0.007384923752397299 -0.04494247958064079 0.6722455024719238
0.0 0.0 0.0 0.989646315574646 0.00925614032894373 -0.009375779889523983 0.1429220736026764
0.0 0.0 0.0 0.8198251724243164 -0.5693992972373962 -0.024115122854709625 -0.034758713096380234
0.0 0.0 0.0 0.6738852262496948 0.06016155704855919 0.15288999676704407 -0.7182843089103699
0.0 0.0 0.0 0.9768332242965698 0.18713155388832092 0.03291047737002373 -0.09846656024456024
0.0 0.0 0.0 0.7676688432693481 -0.5932857394218445 -6.831324839140507e-09 2.0477225248782815e-08
0.0 0.0 0.0 0.7219215631484985 0.6572858691215515 2.665911225108175e-08 -1.8870691675942908e-09
0.0 0.0 0.0 0.9705890417098999 0.24033384025096893 6.661338147750939e-16 2.8364761206489675e-08
0.0 0.0 0.0 0.8559426665306091 -0.3673720359802246 4.418469590206087e-09 6.79708662687517e-08
0.0 0.0 0.0 0.8521479368209839 0.4487471580505371 -1.1938943167422167e-08 -2.0052759452937607e-10
0.0 0.0 0.0 0.9503496885299683 0.31048068404197693 6.262124152556225e-11 -2.8371001548066488e-08
0.0 -2.3977975845336914 0.0 0.9577117562294006 0.28772953152656555 0.0 -6.388878353563569e-17
0.0 0.0 0.0 0.9939190745353699 0.09205856174230576 0.008345521986484528 -1.759687438607216e-05
0.0 0.0 0.0 0.993546724319458 0.0957438051700592 0.016480494290590286 0.01790398731827736
0.0 0.0 0.0 0.9239856004714966 -0.37762534618377686 0.014250976964831352 0.0501822903752327
0.0 0.0 0.0 0.7403446435928345 0.0075064487755298615 -0.04492272436618805 0.6702515482902527
0.0 0.0 0.0 0.989646315574646 0.00925614032894373 -0.009375779889523983 0.1429220736026764
0.0 0.0 0.0 0.819997251033783 -0.5695185661315918 -0.0213647298514843 -0.03079857863485813
0.0 0.0 0.0 0.6695420742034912 0.05923713743686676 0.15325625240802765 -0.722369372844696
0.0 0.0 0.0 0.9768332242965698 0.18713155388832092 0.03291047737002373 -0.09846656024456024
0.0 0.0 0.0 0.7666476964950562 -0.6060349345207214 -6.831324839140507e-09 2.0477225248782815e-08
0.0 0.0 0.0 0.729509711265564 0.6512356996536255 2.665911225108175e-08 -1.8870691675942908e-09
0.0 0.0 0.0 0.9708667993545532 0.23928627371788025 6.661338147750939e-16 2.8364761206489675e-08
0.0 0.0 0.0 0.8719334006309509 -0.32703590393066406 4.418469590206087e-09 6.79708662687517e-08
0.0 0.0 0.0 0.8640374541282654 0.41779908537864685 -1.1938943167422167e-08 -2.0052759452937607e-10
0.0 0.0 0.0 0.9509755969047546 0.3085501492023468 6.262124152556225e-11 -2.8371001548066488e-08
0.0 -2.469503879547119 0.0 0.9577117562294006 0.28772953152656555 0.0 -6.388878353563569e-17
0.0 0.0 0.0 0.9939175844192505 0.09206386655569077 0.015193257480859756 0.0006166081875562668
0.0 0.0 0.0 0.9926096200942993 0.10330459475517273 0.021111583337187767 0.01865469105541706
0.0 0.0 0.0 0.9238232374191284 -0.3775809407234192 0.015574350953102112 0.053420573472976685
0.0 0.0 0.0 0.7422049045562744 0.0076308660209178925 -0.0449024923145771 0.6682102680206299
0.0 0.0 0.0 0.989646315574646 0.00925614032894373 -0.009375779889523983 0.1429220736026764
0.0 0.0 0.0 0.820173442363739 -0.5696406960487366 -0.018548913300037384 -0.026744242757558823
0.0 0.0 0.0 0.6650956869125366 0.05829073116183281 0.15363121032714844 -0.7265515923500061
0.0 0.0 0.0 0.9768332242965698 0.18713155388832092 0.03291047737002373 -0.09846656024456024
0.0 0.0 0.0 0.7657961249351501 -0.616667628288269 -6.831324839140507e-09 2.0477225248782815e-08
0.0 0.0 0.0 0.7384956479072571 0.6440710425376892 2.665911225108175e-08 -1.8870691675942908e-09
0.0 0.0 0.0 0.9711109399795532 0.2383657693862915 6.661338147750939e-16 2.8364761206489675e-08
0.0 0.0 0.0 0.8889878392219543 -0.28469765186309814 4.418469590206087e-09 6.79708662687517e-08
0.0 0.0 0.0 0.8781170845031738 0.3838958740234375 -1.1938943167422167e-08 -2.0052759452937607e-10
0.0 0.0 0.0 0.9517168402671814 0.3062639534473419 6.262124152556225e-11 -2.8371001548066488e-08
0.0 -2.550182342529297 0.0 0.9577117562294006 0.28772953152656555 0.0 -6.388878353563569e-17
0.0 0.0 0.0 0.9939159750938416 0.09206926822662354 0.02216765284538269 0.001262543722987175
0.0 0.0 0.0 0.9915552139282227 0.11181141436100006 0.02575721964240074 0.019405703991651535
0.0 0.0 0.0 0.9236578345298767 -0.37753573060035706 0.016922200098633766 0.05671875178813934
0.0 0.0 0.0 0.7440995573997498 0.007757584098726511 -0.04488188400864601 0.6661312580108643
0.0 0.0 0.0 0.989646315574646 0.00925614032894373 -0.009375779889523983 0.1429220736026764
0.0 0.0 0.0 0.8203528523445129 -0.569765031337738 -0.015681011602282524 -0.022614914923906326
0.0 0.0 0.0 0.6605669260025024 0.057326819747686386 0.15401309728622437 -0.7308111190795898
0.0 0.0 0.0 0.9768332242965698 0.18713155388832092 0.03291047737002373 -0.09846656024456024
0.0 0.0 0.0 0.7650971412658691 -0.6253947615623474 -6.831324839140507e-09 2.0477225248782815e-08
0.0 0.0 0.0 0.7486059665679932 0.6360098719596863 2.665911225108175e-08 -1.8870691675942908e-09
0.0 0.0 0.0 0.9713222980499268 0.23756888508796692 6.661338147750939e-16 2.8364761206489675e-08
0.0 0.0 0.0 0.9068123698234558 -0.24099579453468323 4.418469590206087e-09 6.79708662687517e-08
0.0 0.0 0.0 0.8939585089683533 0.3477404713630676 -1.1938943167422167e-08 -2.0052759452937607e-10
0.0 0.0 0.0 0.9525508284568787 0.30369171500205994 6.262124152556225e-11 -2.8371001548066488e-08
0.0 -2.6376540660858154 0.0 0.9577117562294006 0.28772953152656555 0.0 -6.388878353563569e-17
0.0 0.0 0.0 0.9939144253730774 0.09207473695278168 0.029227912425994873 0.0019164308905601501
0.0 0.0 0.0 0.9904120564460754 0.12103452533483505 0.030363012105226517 0.020148523151874542
0.0 0.0 0.0 0.9234904050827026 -0.37748998403549194 0.01828664354979992 0.06005753576755524
0.0 0.0 0.0 0.7460175156593323 0.007885861210525036 -0.044861022382974625 0.6640266180038452
0.0 0.0 0.0 0.989646315574646 0.00925614032894373 -0.009375779889523983 0.1429220736026764
0.0 0.0 0.0 0.8205344676971436 -0.5698909163475037 -0.012777801603078842 -0.01843474805355072
0.0 0.0 0.0 0.6559825539588928 0.05635104328393936 0.15439969301223755 -0.7351231575012207
0.0 0.0 0.0 0.9768332242965698 0.18713155388832092 0.03291047737002373 -0.09846656024456024
0.0 0.0 0.0 0.7645370364189148 -0.6323878169059753 -6.831324839140507e-09 2.0477225248782815e-08
0.0 0.0 0.0 0.7595675587654114 0.6272699236869812 2.665911225108175e-08 -1.8870691675942908e-09
0.0 0.0 0.0 0.9715014696121216 0.2368931919336319 6.661338147750939e-16 2.8364761206489675e-08
0.0 0.0 0.0 0.9250971078872681 -0.19661571085453033 4.418469590206087e-09 6.79708662687517e-08
0.0 0.0 0.0 0.9111338257789612 0.3100590407848358 -1.1938943167422167e-08 -2.0052759452937607e-10
0.0 0.0 0.0 0.9534550309181213 0.3009029030799866 6.262124152556225e-11 -2.8371001548066488e-08
0.0 -2.7295022010803223 0.0 0.9577117562294006 0.28772953152656555 0.0 -6.388878353563569e-17
0.0 0.0 0.0 0.9939128160476685 0.09208023548126221 0.03631769120693207 0.0025730542838573456
0.0 0.0 0.0 0.9892116785049438 0.13071908056735992 0.034860048443078995 0.020872294902801514
0.0 0.0 0.0 0.9233222603797913 -0.3774440288543701 0.019656790420413017 0.06341028213500977
0.0 0.0 0.0 0.7479435205459595 0.008014676161110401 -0.04484007507562637 0.6619131565093994
0.0 0.0 0.0 0.989646315574646 0.00925614032894373 -0.009375779889523983 0.1429220736026764
0.0 0.0 0.0 0.8207168579101562 -0.5700173377990723 -0.009862452745437622 -0.014237098395824432
0.0 0.0 0.0 0.6513789296150208 0.055371180176734924 0.15478789806365967 -0.7394532561302185
0.0 0.0 0.0 0.9768332242965698 0.18713155388832092 0.03291047737002373 -0.09846656024456024
0.0 0.0 0.0 0.7641045451164246 -0.6377876996994019 -6.831324839140507e-09 2.0477225248782815e-08
0.0 0.0 0.0 0.7710776329040527 0.6180927157402039 2.665911225108175e-08 -1.8870691675942908e-09
0.0 0.0 0.0 0.9716489315032959 0.23633740842342377 6.661338147750939e-16 2.8364761206489675e-08
0.0 0.0 0.0 0.9434778690338135 -0.15237727761268616 4.418469590206087e-09 6.79708662687517e-08
0.0 0.0 0.0 0.9291684031486511 0.2716870903968811 -1.1938943167422167e-08 -2.0052759452937607e-10
0.0 0.0 0.0 0.9544045329093933 0.29797452688217163 6.262124152556225e-11 -2.8371001548066488e-08
0.0 -2.8226606845855713 0.0 0.9577117562294006 0.28772953152656555 0.0 -6.388878353563569e-17
0.0 0.0 0.0 0.9939113259315491 0.09208568185567856 0.0433497354388237 0.0032243281602859497
0.0 0.0 0.0 0.9879941344261169 0.14054180681705475 0.03915036469697952 0.021561499685049057
0.0 0.0 0.0 0.9231554865837097 -0.37739846110343933 0.02101578377187252 0.06673572957515717
0.0 0.0 0.0 0.7498538494110107 0.008142441511154175 -0.04481929913163185 0.6598168611526489
0.0 0.0 0.0 0.989646315574646 0.00925614032894373 -0.009375779889523983 0.1429220736026764
0.0 0.0 0.0 0.8208977580070496 -0.5701428055763245 -0.006970848888158798 -0.010073639452457428
0.0 0.0 0.0 0.6468128561973572 0.05439930036664009 0.15517295897006989 -0.7437480092048645
0.0 0.0 0.0 0.9768332242965698 0.18713155388832092 0.03291047737002373 -0.09846656024456024
0.0 0.0 0.0 0.7637902498245239 -0.6417130827903748 -6.831324839140507e-09 2.0477225248782815e-08
0.0 0.0 0.0 0.7827518582344055 0.6087846159934998 2.665911225108175e-08 -1.8870691675942908e-09
0.0 0.0 0.0 0.9717644453048706 0.2359015941619873 6.661338147750939e-16 2.8364761206489675e-08
0.0 0.0 0.0 0.9614667892456055 -0.10939408838748932 4.418469590206087e-09 6.79708662687517e-08
0.0 0.0 0.0 0.9474603533744812 0.2337220013141632 -1.1938943167422167e-08 -2.0052759452937607e-10
0.0 0.0 0.0 0.9553675055503845 0.29500439763069153 6.262124152556225e-11 -2.8371001548066488e-08
0.0 -2.91251540184021 0.0 0.9577117562294006 0.28772953152656555 0.0 -6.388878353563569e-17
0.0 0.0 0.0 0.9939097762107849 0.09209096431732178 0.050165534019470215 0.0038555748760700226
0.0 0.0 0.0 0.9868198037147522 0.1500161737203598 0.043073832988739014 0.022190680727362633
0.0 0.0 0.0 0.9229938387870789 -0.3773542642593384 0.02233297936618328 0.06995889544487
0.0 0.0 0.0 0.7517054080963135 0.008266277611255646 -0.044799163937568665 0.6577851176261902
0.0 0.0 0.0 0.989646315574646 0.00925614032894373 -0.009375779889523983 0.1429220736026764
0.0 0.0 0.0 0.8210731148719788 -0.5702643394470215 -0.004168163985013962 -0.00603821873664856
0.0 0.0 0.0 0.6423871517181396 0.053457312285900116 0.1555461585521698 -0.747910737991333
0.0 0.0 0.0 0.9768332242965698 0.18713155388832092 0.03291047737002373 -0.09846656024456024
0.0 0.0 0.0 0.7635854482650757 -0.6442694067955017 -6.831324839140507e-09 2.0477225248782815e-08
0.0 0.0 0.0 0.7940120697021484 0.5998066067695618 2.665911225108175e-08 -1.8870691675942908e-09
0.0 0.0 0.0 0.971847653388977 0.2355879545211792 6.661338147750939e-16 2.8364761206489675e-08
0.0 0.0 0.0 0.9782994389533997 -0.06943027675151825 4.418469590206087e-09 6.79708662687517e-08
0.0 0.0 0.0 0.9651035070419312 0.1978594809770584 -1.1938943167422167e-08 -2.0052759452937607e-10
0.0 0.0 0.0 0.9562963247299194 0.29213958978652954 6.262124152556225e-11 -2.8371001548066488e-08
0.0 -2.990324020385742 0.0 0.9577117562294006 0.28772953152656555 0.0 -6.388878353563569e-17
0.0 0.0 0.0 0.9939084053039551 0.09209578484296799 0.056393250823020935 0.004432355985045433
0.0 0.0 0.0 0.985802948474884 0.15822039544582367 0.046312227845191956 0.02270914986729622
0.0 0.0 0.0 0.9228461384773254 -0.37731388211250305 0.023536529392004013 0.07290397584438324
0.0 0.0 0.0 0.7533972263336182 0.008379429578781128 -0.04478076472878456 0.6559286713600159
0.0 0.0 0.0 0.989646315574646 0.00925614032894373 -0.009375779889523983 0.1429220736026764
0.0 0.0 0.0 0.8212332725524902 -0.5703753232955933 -0.0016072988510131836 -0.0023509636521339417
0.0 0.0 0.0 0.638343334197998 0.05259659141302109 0.155887171626091 -0.7517142295837402
0.0 0.0 0.0 0.9768332242965698 0.18713155388832092 0.03291047737002373 -0.09846656024456024
0.0 0.0 0.0 0.7634811401367188 -0.6455717086791992 -6.831324839140507e-09 2.0477225248782815e-08
0.0 0.0 0.0 0.8037627935409546 0.5920321941375732 2.665911225108175e-08 -1.8870691675942908e-09
0.0 0.0 0.0 0.9718970060348511 0.2354014813899994 6.661338147750939e-16 2.8364761206489675e-08
0.0 0.0 0.0 0.9924913644790649 -0.03593200445175171 4.418469590206087e-09 6.79708662687517e-08
0.0 0.0 0.0 0.9803813695907593 0.167365163564682 -1.1938943167422167e-08 -2.0052759452937607e-10
0.0 0.0 0.0 0.9571006298065186 0.28965887427330017 6.262124152556225e-11 -2.8371001548066488e-08
