48 15
0.0 -0.11500167846679688 0.0 1.0 0.0 0.0 0.0
0.0 0.0 0.0 0.9999422430992126 8.449246524833143e-05 1.273366134757481e-10 0.010750039480626583
0.0 0.0 0.0 0.999923825263977 8.530549530405551e-05 1.0763869795482606e-09 -0.012349346652626991
0.0 0.0 0.0 0.9997210502624512 -0.023623023182153702 -7.235186672005511e-08 -1.3627418127271085e-07
0.0 0.0 0.0 0.9943340420722961 -0.10629289597272873 0.0009259567013941705 0.000926394306588918
0.0 0.0 0.0 0.9892385601997375 -0.1463116556406021 -5.547385057980136e-07 -1.7339324358545127e-06
0.0 0.0 0.0 0.9942222237586975 0.10734143853187561 -1.028457518259529e-06 -2.7566065909923054e-06
0.0 0.0 0.0 0.989014744758606 -0.14781706035137177 2.8493818717834074e-06 2.7739220058720093e-06
0.0 0.0 0.0 0.991036057472229 -0.1335950344800949 1.710414494482393e-06 2.753858780124574e-06
0.0 0.0 0.0 0.9984681010246277 -0.05533236637711525 -1.3899082745504022e-17 4.837307887584075e-09
0.0 0.0 0.0 0.9943650960922241 0.10600985586643219 1.5796700614245651e-09 9.020562075079397e-16
0.0 0.0 0.0 0.998626708984375 0.052391473203897476 -1.389687582762973e-17 5.360901944584384e-09
0.0 0.0 0.0 0.9827544093132019 -0.18491575121879578 -2.259410888312991e-16 1.6165845551086022e-08
0.0 0.0 0.0 0.9290409684181213 0.3699769675731659 2.3188462902493188e-15 5.184671200089035e-16
0.0 0.0 0.0 0.9988749623298645 0.04742197319865227 3.5428216045259916e-15 -4.145760179596891e-09
0.0 -0.1298561543226242 0.0 1.0 0.0 0.0 0.0
0.0 0.0 0.0 0.9999423027038574 7.750561780994758e-05 8.811908147610126e-11 0.009861097671091557
0.0 0.0 0.0 0.999850332736969 0.0036009515170007944 -2.1346486391848885e-05 -0.011380190029740334
0.0 0.0 0.0 0.999480128288269 -0.018057813867926598 -5.876202280319376e-08 -1.0260542637752224e-07
0.0 0.0 0.0 0.9940707683563232 -0.10829497128725052 0.0009433937375433743 0.0009438454289920628
0.0 0.0 0.0 0.9892385601997375 -0.1463116556406021 -5.547385057980136e-07 -1.7339324358545127e-06
0.0 0.0 0.0 0.9944392442703247 0.10184569656848907 5.567599509959109e-05 0.0013609654270112514
0.0 0.0 0.0 0.9862585067749023 -0.1611112505197525 3.0387723199964967e-06 3.0529968171322253e-06
0.0 0.0 0.0 0.991036057472229 -0.1335950344800949 1.710414494482393e-06 2.753858780124574e-06
0.0 0.0 0.0 0.9984462261199951 -0.04388489946722984 -6.958059678700082e-18 3.836539086421453e-09
0.0 0.0 0.0 0.9947555661201477 0.10128877311944962 1.5093204464022847e-09 8.777700788442644e-16
0.0 0.0 0.0 0.998033344745636 0.059219326823949814 -1.250718841030288e-17 6.059554635839959e-09
0.0 0.0 0.0 0.9829458594322205 -0.18380345404148102 -2.338781051844271e-16 1.6068606001340413e-08
0.0 0.0 0.0 0.9353176355361938 0.34575355052948 2.1443477622360395e-15 4.88180927584234e-16
0.0 0.0 0.0 0.9989816546440125 0.04375682398676872 3.5393004885642555e-15 -3.8253427092627135e-09
0.0 -0.14471063017845154 0.0 1.0 0.0 0.0 0.0
0.0 0.0 0.0 0.999942421913147 7.051877764752135e-05 4.8901556415348324e-11 0.00897215586155653
0.0 0.0 0.0 0.9997767806053162 0.0071165976114571095 -4.269404962542467e-05 -0.010411033406853676
0.0 0.0 0.0 0.9992391467094421 -0.012492604553699493 -4.5172178886332404e-08 -6.893667148233362e-08
0.0 0.0 0.0 0.9938074946403503 -0.1102970540523529 0.000960830831900239 0.0009612965513952076
0.0 0.0 0.0 0.9892385601997375 -0.1463116556406021 -5.547385057980136e-07 -1.7339324358545127e-06
0.0 0.0 0.0 0.9946562051773071 0.09634995460510254 0.00011238044680794701 0.002724687336012721
0.0 0.0 0.0 0.983502209186554 -0.17440542578697205 3.2281629955832614e-06 3.332071628392441e-06
0.0 0.0 0.0 0.991036057472229 -0.1335950344800949 1.710414494482393e-06 2.753858780124574e-06
0.0 0.0 0.0 0.9984244108200073 -0.03243743255734444 -1.7036611896142158e-20 2.835769841169622e-09
0.0 0.0 0.0 0.9951460361480713 0.09656769037246704 1.4389708313800043e-09 8.534839501805891e-16
0.0 0.0 0.0 0.9974399209022522 0.06604717671871185 -1.111750099297603e-17 6.758207327095533e-09
0.0 0.0 0.0 0.983137309551239 -0.18269115686416626 -2.4181514800733473e-16 1.5971366451594804e-08
0.0 0.0 0.0 0.9415943026542664 0.32153013348579407 1.96984923422276e-15 4.578946822200052e-16
0.0 0.0 0.0 0.9990884065628052 0.04009167477488518 3.5357793726025193e-15 -3.504924794839326e-09
0.0 -0.15956512093544006 0.0 1.0 0.0 0.0 0.0
0.0 0.0 0.0 0.9999424815177917 6.35319302091375e-05 9.68403135459539e-12 0.008083214983344078
0.0 0.0 0.0 0.9997032880783081 0.010632243938744068 -6.404161104001105e-05 -0.009441876783967018
0.0 0.0 0.0 0.99899822473526 -0.006927395239472389 -3.158233141675737e-08 -3.526791658714501e-08
0.0 0.0 0.0 0.9935442209243774 -0.1122991293668747 0.0009782678680494428 0.0009787477320060134
0.0 0.0 0.0 0.9892385601997375 -0.1463116556406021 -5.547385057980136e-07 -1.7339324358545127e-06
0.0 0.0 0.0 0.9948732256889343 0.090854212641716 0.00016908490215428174 0.004088409245014191
0.0 0.0 0.0 0.9807459712028503 -0.18769961595535278 3.417553671170026e-06 3.6111466670263326e-06
0.0 0.0 0.0 0.991036057472229 -0.1335950344800949 1.710414494482393e-06 2.753858780124574e-06
0.0 0.0 0.0 0.9984025955200195 -0.02098996564745903 6.923988109269023e-18 1.8350005959177906e-09
0.0 0.0 0.0 0.9955365061759949 0.09184660762548447 1.3686212163577238e-09 8.291978215169138e-16
0.0 0.0 0.0 0.9968465566635132 0.07287503033876419 -9.727812748468566e-18 7.456860018351108e-09
0.0 0.0 0.0 0.9833287000656128 -0.1815788596868515 -2.4975216436046274e-16 1.5874126901849195e-08
0.0 0.0 0.0 0.9478709101676941 0.29730671644210815 1.795350706209481e-15 4.276084897953357e-16
0.0 0.0 0.0 0.9991950988769531 0.03642652556300163 3.53225846839902e-15 -3.184507324505148e-09
0.0 -0.1744195967912674 0.0 1.0 0.0 0.0 0.0
0.0 0.0 0.0 0.9999425411224365 5.654508277075365e-05 -2.953350064505145e-11 0.0071942731738090515
0.0 0.0 0.0 0.9996297359466553 0.01414788980036974 -8.538917609257624e-05 -0.00847272016108036
0.0 0.0 0.0 0.9987572431564331 -0.001362185925245285 -1.7992487499896015e-08 -1.5991616919563967e-09
0.0 0.0 0.0 0.9932809472084045 -0.11430120468139648 0.0009957049041986465 0.0009961988544091582
0.0 0.0 0.0 0.9892385601997375 -0.1463116556406021 -5.547385057980136e-07 -1.7339324358545127e-06
0.0 0.0 0.0 0.9950902462005615 0.08535847812891006 0.00022578935022465885 0.005452131386846304
0.0 0.0 0.0 0.977989673614502 -0.20099380612373352 3.6069441193831153e-06 3.890221705660224e-06
0.0 0.0 0.0 0.991036057472229 -0.1335950344800949 1.710414494482393e-06 2.753858780124574e-06
0.0 0.0 0.0 0.998380720615387 -0.009542498737573624 1.3865009521711738e-17 8.342317947551692e-10
0.0 0.0 0.0 0.9959269762039185 0.08712552487850189 1.2982716013354434e-09 8.049116928532385e-16
0.0 0.0 0.0 0.9962531328201294 0.07970288395881653 -8.338125331141716e-18 8.155511821428263e-09
0.0 0.0 0.0 0.9835201501846313 -0.18046656250953674 -2.5768918071359076e-16 1.5776887352103586e-08
0.0 0.0 0.0 0.9541475772857666 0.27308332920074463 1.6208521781962016e-15 3.9732229737066615e-16
0.0 0.0 0.0 0.9993018507957458 0.03276137635111809 3.528737352437284e-15 -2.8640896321263654e-09
0.0 -0.18927407264709473 0.0 1.0 0.0 0.0 0.0
0.0 0.0 0.0 0.9999426007270813 4.955823897034861e-05 -6.875101876691048e-11 0.006305330898612738
0.0 0.0 0.0 0.9995562434196472 0.017663536593317986 -0.00010673673386918381 -0.007503563072532415
0.0 0.0 0.0 0.998516321182251 0.004203023388981819 -4.40264358303466e-09 3.2069593203232216e-08
0.0 0.0 0.0 0.9930176734924316 -0.11630328744649887 0.0010131419403478503 0.001013649976812303
0.0 0.0 0.0 0.9892385601997375 -0.1463116556406021 -5.547385057980136e-07 -1.7339324358545127e-06
0.0 0.0 0.0 0.995307207107544 0.07986273616552353 0.00028249379829503596 0.00681585306301713
0.0 0.0 0.0 0.9752334356307983 -0.21428798139095306 3.7963345675962046e-06 4.16929651692044e-06
0.0 0.0 0.0 0.991036057472229 -0.1335950344800949 1.710414494482393e-06 2.753858780124574e-06
0.0 0.0 0.0 0.9983588457107544 0.0019049681723117828 2.0806034242876903e-17 -1.6653745049666213e-10
0.0 0.0 0.0 0.9963175058364868 0.08240443468093872 1.227921986313163e-09 7.806255641895632e-16
0.0 0.0 0.0 0.9956597685813904 0.08653073012828827 -6.948437913814865e-18 8.854165400862257e-09
0.0 0.0 0.0 0.9837116003036499 -0.17935428023338318 -2.6562619706671877e-16 1.5679646026001137e-08
0.0 0.0 0.0 0.9604242444038391 0.24885989725589752 1.4463536501829223e-15 3.67036078476217e-16
0.0 0.0 0.0 0.9994085431098938 0.029096227139234543 3.5252162364755478e-15 -2.5436721617921876e-09
0.0 -0.20412854850292206 0.0 1.0 0.0 0.0 0.0
0.0 0.0 0.0 0.9999426603317261 4.257139516994357e-05 -1.0796855076655731e-10 0.005416390020400286
0.0 0.0 0.0 0.9994827508926392 0.021179182454943657 -0.000128084298921749 -0.006534406449645758
0.0 0.0 0.0 0.9982753396034241 0.009768232703208923 9.187203886540374e-09 6.573834809842083e-08
0.0 0.0 0.0 0.9927544593811035 -0.11830536276102066 0.001030578976497054 0.001031101099215448
0.0 0.0 0.0 0.9892385601997375 -0.1463116556406021 -5.547385057980136e-07 -1.7339324358545127e-06
0.0 0.0 0.0 0.9955242276191711 0.074366994202137 0.00033919824636541307 0.008179575204849243
0.0 0.0 0.0 0.9724771976470947 -0.2275821715593338 3.985725015809294e-06 4.448371328180656e-06
0.0 0.0 0.0 0.991036057472229 -0.1335950344800949 1.710414494482393e-06 2.753858780124574e-06
0.0 0.0 0.0 0.9983370304107666 0.01335243508219719 2.7747058964042068e-17 -1.1673066957484934e-09
0.0 0.0 0.0 0.9967079758644104 0.07768335938453674 1.157572482313185e-09 7.563394355258879e-16
0.0 0.0 0.0 0.9950664043426514 0.0933585911989212 -5.558750496488015e-18 9.552817203939412e-09
0.0 0.0 0.0 0.9839030504226685 -0.17824198305606842 -2.735632398896264e-16 1.5582406476255528e-08
0.0 0.0 0.0 0.9667009115219116 0.2246364802122116 1.271855122169643e-15 3.3674988605154747e-16
0.0 0.0 0.0 0.9995152354240417 0.025431077927350998 3.5216951205138116e-15 -2.223254469413405e-09
0.0 -0.2189830243587494 0.0 1.0 0.0 0.0 0.0
0.0 0.0 0.0 0.9999427795410156 3.558455136953853e-05 -1.4718609664399196e-10 0.004527448210865259
0.0 0.0 0.0 0.9994091987609863 0.02469482831656933 -0.00014943185669835657 -0.0055652498267591
0.0 0.0 0.0 0.9980344176292419 0.015333443880081177 2.2777051356115408e-08 9.940710299360944e-08
0.0 0.0 0.0 0.9924911856651306 -0.12030744552612305 0.0010480161290615797 0.0010485522216185927
0.0 0.0 0.0 0.9892385601997375 -0.1463116556406021 -5.547385057980136e-07 -1.7339324358545127e-06
0.0 0.0 0.0 0.9957412481307983 0.06887125968933105 0.0003959026944357902 0.009543296881020069
0.0 0.0 0.0 0.9697209000587463 -0.24087634682655334 4.175115918769734e-06 4.727446139440872e-06
0.0 0.0 0.0 0.991036057472229 -0.1335950344800949 1.710414494482393e-06 2.753858780124574e-06
0.0 0.0 0.0 0.9983152151107788 0.024799901992082596 3.468808368520723e-17 -2.1680759410003247e-09
0.0 0.0 0.0 0.997098445892334 0.07296226918697357 1.087222756268602e-09 7.320533068622126e-16
0.0 0.0 0.0 0.9944729804992676 0.10018643736839294 -4.1690622519805516e-18 1.0251470783373406e-08
0.0 0.0 0.0 0.984094500541687 -0.17712968587875366 -2.815002562427544e-16 1.548516692650992e-08
0.0 0.0 0.0 0.9729775786399841 0.2004130631685257 1.0973565941563637e-15 3.064636671570983e-16
0.0 0.0 0.0 0.9996219873428345 0.021765928715467453 3.5181740045520755e-15 -1.902836777034622e-09
0.0 -0.23383751511573792 0.0 1.0 0.0 0.0 0.0
0.0 0.0 0.0 0.9999428391456604 2.8597703931154683e-05 -1.86403614765851e-10 0.0036385064013302326
0.0 0.0 0.0 0.9993357062339783 0.028210474178195 -0.00017077942902687937 -0.004596093203872442
0.0 0.0 0.0 0.997793436050415 0.02089865133166313 3.6366891720263084e-08 1.3307585788879805e-07
0.0 0.0 0.0 0.9922279119491577 -0.12230952084064484 0.0010654531652107835 0.0010660033440217376
0.0 0.0 0.0 0.9892385601997375 -0.1463116556406021 -5.547385057980136e-07 -1.7339324358545127e-06
0.0 0.0 0.0 0.9959582090377808 0.06337551772594452 0.0004526071425061673 0.01090701948851347
0.0 0.0 0.0 0.9669646620750427 -0.2541705369949341 4.364506366982823e-06 5.006520950701088e-06
0.0 0.0 0.0 0.991036057472229 -0.1335950344800949 1.710414494482393e-06 2.753858780124574e-06
0.0 0.0 0.0 0.9982933402061462 0.036247368901968 4.16291017889275e-17 -3.1688442980737364e-09
0.0 0.0 0.0 0.9974889159202576 0.068241186439991 1.0168732522686241e-09 7.077671781985373e-16
0.0 0.0 0.0 0.9938796162605286 0.10701429098844528 -2.779374834653701e-18 1.0950122586450561e-08
0.0 0.0 0.0 0.9842858910560608 -0.1760173887014389 -2.89437299065662e-16 1.538792737676431e-08
0.0 0.0 0.0 0.9792541861534119 0.17618966102600098 9.228580661430844e-16 2.761774482626492e-16
0.0 0.0 0.0 0.9997286796569824 0.018100779503583908 3.5146531003485762e-15 -1.5824190846558395e-09
0.0 -0.24869199097156525 0.0 1.0 0.0 0.0 0.0
0.0 0.0 0.0 0.9999428987503052 2.1610860130749643e-05 -2.2562113288771002e-10 0.0027495641261339188
0.0 0.0 0.0 0.9992621541023254 0.03172612190246582 -0.00019212698680348694 -0.0036269361153244972
0.0 0.0 0.0 0.9975525140762329 0.026463862508535385 4.995673918983812e-08 1.6674461278398667e-07
0.0 0.0 0.0 0.9919646382331848 -0.12431159615516663 0.0010828902013599873 0.0010834544664248824
0.0 0.0 0.0 0.9892385601997375 -0.1463116556406021 -5.547385057980136e-07 -1.7339324358545127e-06
0.0 0.0 0.0 0.996175229549408 0.057879772037267685 0.0005093116196803749 0.012270741164684296
0.0 0.0 0.0 0.9687400460243225 -0.24429155886173248 4.2393912735860795e-06 4.795064342033584e-06
0.0 0.0 0.0 0.991036057472229 -0.1335950344800949 1.710414494482393e-06 2.753858780124574e-06
0.0 0.0 0.0 0.9982714653015137 0.04769483581185341 4.857012651009266e-17 -4.169613543325568e-09
0.0 0.0 0.0 0.9978793859481812 0.06352010369300842 9.465235262240412e-10 6.83481049534862e-16
0.0 0.0 0.0 0.9932861924171448 0.11384214460849762 -1.389688244507463e-18 1.1648775277706136e-08
0.0 0.0 0.0 0.9844773411750793 -0.17490509152412415 -2.9737431541879003e-16 1.52906878270187e-08
0.0 0.0 0.0 0.9855308532714844 0.15196622908115387 7.483594322506867e-16 2.4589122936820003e-16
0.0 0.0 0.0 0.9998354315757751 0.014435630291700363 3.51113198438684e-15 -1.2620016143216617e-09
0.0 -0.2635464668273926 0.0 1.0 0.0 0.0 0.0
0.0 0.0 0.0 0.9999430179595947 1.4624012692365795e-05 -2.6483865100956905e-10 0.0018606223165988922
0.0 0.0 0.0 0.9991886615753174 0.03524176776409149 -0.00021347454458009452 -0.0026577794924378395
0.0 0.0 0.0 0.997311532497406 0.03202906996011734 6.35465795539858e-08 2.0041336767917528e-07
0.0 0.0 0.0 0.9917013645172119 -0.12631367146968842 0.001100327237509191 0.0011009055888280272
0.0 0.0 0.0 0.9892385601997375 -0.1463116556406021 -5.547385057980136e-07 -1.7339324358545127e-06
0.0 0.0 0.0 0.9963922500610352 0.05238403007388115 0.000566016067750752 0.013634462840855122
0.0 0.0 0.0 0.9705154895782471 -0.2344125658273697 4.114276180189336e-06 4.583607278618729e-06
0.0 0.0 0.0 0.991036057472229 -0.1335950344800949 1.710414494482393e-06 2.753858780124574e-06
0.0 0.0 0.0 0.9982496500015259 0.05914229899644852 5.551115123125783e-17 -5.170383232666609e-09
0.0 0.0 0.0 0.9982698559761047 0.05879902094602585 8.76173966712912e-10 6.591949208711867e-16
0.0 0.0 0.0 0.9926928281784058 0.12066999077796936 0.0 1.234742796896171e-08
0.0 0.0 0.0 0.9846687912940979 -0.1737927943468094 -3.0531133177191805e-16 1.5193448277273092e-08
0.0 0.0 0.0 0.9918075203895569 0.12774282693862915 5.73861063056085e-16 2.156050501784203e-16
0.0 0.0 0.0 0.9999421238899231 0.010770479217171669 3.507610868425104e-15 -9.41583921942879e-10
0.0 -0.27505287528038025 0.0 1.0 0.0 0.0 0.0
0.0 0.0 0.0 0.9999430775642395 7.637172529939562e-06 -3.040561968870037e-10 0.0009716814383864403
0.0 0.0 0.0 0.9991151094436646 0.03875741362571716 -0.00023482211690861732 -0.0016886228695511818
0.0 0.0 0.0 0.9970706105232239 0.037594281136989594 7.713643412898818e-08 2.3408215099607332e-07
0.0 0.0 0.0 0.991438090801239 -0.1283157467842102 0.0011177642736583948 0.001118356711231172
0.0 0.0 0.0 0.9892385601997375 -0.1463116556406021 -5.547385057980136e-07 -1.7339324358545127e-06
0.0 0.0 0.0 0.9966092109680176 0.04688829183578491 0.0006227205158211291 0.014998185448348522
0.0 0.0 0.0 0.9722908735275269 -0.2245335876941681 3.989160632045241e-06 4.372150669951225e-06
0.0 0.0 0.0 0.991036057472229 -0.1335950344800949 1.710414494482393e-06 2.753858780124574e-06
0.0 0.0 0.0 0.999005913734436 0.03826356679201126 4.92227786308419e-17 -3.345106858176905e-09
0.0 0.0 0.0 0.9915274977684021 0.10384583473205566 1.54742374469663e-09 7.806255641895632e-16
0.0 0.0 0.0 0.9916561841964722 0.12915512919425964 5.273559366969494e-16 1.321566056589063e-08
0.0 0.0 0.0 0.9861196279525757 -0.16477325558662415 -2.3592239273284576e-16 1.4404935022582777e-08
0.0 0.0 0.0 0.9955598711967468 0.11824654042720795 4.548601866864667e-16 2.1135960193277353e-16
0.0 0.0 0.0 0.9996832609176636 -0.003863384947180748 4.390585117697299e-15 3.3774805174857647e-10
0.0 -0.2865592837333679 0.0 1.0 0.0 0.0 0.0
0.0 0.0 0.0 0.9999431371688843 6.503250915557146e-07 -3.432737150088627e-10 8.274056017398834e-05
0.0 0.0 0.0 0.9990416169166565 0.042273059487342834 -0.0002561696746852249 -0.0007194659556262195
0.0 0.0 0.0 0.996829628944397 0.04315948858857155 9.072627449313586e-08 2.677508632586978e-07
0.0 0.0 0.0 0.9911748170852661 -0.1303178369998932 0.0011352013098075986 0.001135807833634317
0.0 0.0 0.0 0.9892385601997375 -0.1463116556406021 -5.547385057980136e-07 -1.7339324358545127e-06
0.0 0.0 0.0 0.9968262314796448 0.041392549872398376 0.0006794249638915062 0.016361907124519348
0.0 0.0 0.0 0.9740662574768066 -0.2146545946598053 3.864045538648497e-06 4.16069360653637e-06
0.0 0.0 0.0 0.991036057472229 -0.1335950344800949 1.710414494482393e-06 2.753858780124574e-06
0.0 0.0 0.0 0.999762237071991 0.017384834587574005 4.2934406030425976e-17 -1.5198304836872012e-09
0.0 0.0 0.0 0.9847851395606995 0.14889264106750488 2.2186734671691966e-09 9.020562075079397e-16
0.0 0.0 0.0 0.9906194806098938 0.13764025270938873 1.0547118733938987e-15 1.408389316281955e-08
0.0 0.0 0.0 0.9875704646110535 -0.1557537317276001 -1.6653345369377348e-16 1.3616421767892462e-08
0.0 0.0 0.0 0.999312162399292 0.10875026136636734 3.3585925737728917e-16 2.0711414045223697e-16
0.0 0.0 0.0 0.9994244575500488 -0.018497249111533165 5.2735593669694936e-15 1.617080025440032e-09
0.0 -0.2980656623840332 0.0 1.0 0.0 0.0 0.0
0.0 0.0 0.0 0.999943196773529 -6.336515070870519e-06 -3.8249123313072175e-10 -0.0008062021806836128
0.0 0.0 0.0 0.9991170763969421 0.03874436020851135 -0.00023482234973926097 0.0002008797600865364
0.0 0.0 0.0 0.9965887069702148 0.0487246997654438 1.0431611485728354e-07 3.014196181538864e-07
0.0 0.0 0.0 0.9909115433692932 -0.13231991231441498 0.0011526383459568024 0.0011532589560374618
0.0 0.0 0.0 0.9892385601997375 -0.1463116556406021 -5.547385057980136e-07 -1.7339324358545127e-06
0.0 0.0 0.0 0.9970656037330627 0.035897672176361084 0.0006228864658623934 0.014998428523540497
0.0 0.0 0.0 0.9758417010307312 -0.2047756165266037 3.7389304452517536e-06 3.949236997868866e-06
0.0 0.0 0.0 0.991036057472229 -0.1335950344800949 1.710414494482393e-06 2.753858780124574e-06
0.0 0.0 0.0 1.000518560409546 -0.0034938976168632507 3.664603343001005e-17 3.054458908025026e-10
0.0 0.0 0.0 0.9780427813529968 0.1939394772052765 2.889923411686368e-09 1.0234868508263162e-15
0.0 0.0 0.0 0.9895827770233154 0.14612537622451782 1.582067810090848e-15 1.495212487157005e-08
0.0 0.0 0.0 0.9890213012695312 -0.14673419296741486 -9.71445146547012e-17 1.2827907625023727e-08
0.0 0.0 0.0 1.003064513206482 0.09925398230552673 2.1685835453789124e-16 2.028686922065902e-16
0.0 0.0 0.0 0.9991656541824341 -0.03313111513853073 6.156533616241688e-15 2.8964117770868825e-09
0.0 -0.3095720708370209 0.0 1.0 0.0 0.0 0.0
0.0 0.0 0.0 0.9999432563781738 -1.3323362509254366e-05 -4.21708806763732e-10 -0.0016951430588960648
0.0 0.0 0.0 0.999192476272583 0.03521566092967987 -0.00021347502479329705 0.0011212255340069532
0.0 0.0 0.0 0.9963477849960327 0.054289910942316055 1.1790596943228593e-07 3.35088373049075e-07
0.0 0.0 0.0 0.9906482696533203 -0.13432198762893677 0.001170075498521328 0.0011707100784406066
0.0 0.0 0.0 0.9892385601997375 -0.1463116556406021 -5.547385057980136e-07 -1.7339324358545127e-06
0.0 0.0 0.0 0.9973049759864807 0.03040279448032379 0.0005663480260409415 0.013634948991239071
0.0 0.0 0.0 0.977617084980011 -0.1948966383934021 3.61381535185501e-06 3.7377801618276862e-06
0.0 0.0 0.0 0.991036057472229 -0.1335950344800949 1.710414494482393e-06 2.753858780124574e-06
0.0 0.0 0.0 1.001274824142456 -0.024372627958655357 3.0357660829594124e-17 2.1307222652922064e-09
0.0 0.0 0.0 0.9713004231452942 0.23898626863956451 3.5611731341589348e-09 1.1449174941446927e-15
0.0 0.0 0.0 0.9885461330413818 0.1546105146408081 2.1094237467877974e-15 1.582035835667739e-08
0.0 0.0 0.0 0.990472137928009 -0.13771465420722961 -2.7755575615628914e-17 1.2039394370333412e-08
0.0 0.0 0.0 1.0068168640136719 0.08975769579410553 9.78574781682729e-17 1.9862324396094345e-16
0.0 0.0 0.0 0.9989067912101746 -0.04776497557759285 7.039507865513883e-15 4.175743750778338e-09
0.0 -0.29432520270347595 0.0 1.0 0.0 0.0 0.0
0.0 0.0 0.0 0.9999433755874634 -2.0310217223595828e-05 -4.6092632488559104e-10 -0.002584085799753666
0.0 0.0 0.0 0.9992679357528687 0.03168696537613869 -0.00019212769984733313 0.0020415710750967264
0.0 0.0 0.0 0.9961068034172058 0.05985512211918831 1.314958097964336e-07 3.6875712794426363e-07
0.0 0.0 0.0 0.9903849959373474 -0.13632406294345856 0.0011875125346705317 0.0011881613172590733
0.0 0.0 0.0 0.9892385601997375 -0.1463116556406021 -5.547385057980136e-07 -1.7339324358545127e-06
0.0 0.0 0.0 0.9975444078445435 0.0249079167842865 0.0005098095280118287 0.01227147039026022
0.0 0.0 0.0 0.9793924689292908 -0.1850176453590393 3.4887000310845906e-06 3.5263233257865068e-06
0.0 0.0 0.0 0.991036057472229 -0.1335950344800949 1.710414494482393e-06 2.753858780124574e-06
0.0 0.0 0.0 0.9998160600662231 -0.03913819044828415 3.0097452969942093e-17 3.4215685840166543e-09
0.0 0.0 0.0 0.9682747721672058 0.24899570643901825 3.7103253802683867e-09 1.1511624563065618e-15
0.0 0.0 0.0 0.9893203377723694 0.14838938415050507 2.5202063506024e-15 1.5183788448780433e-08
0.0 0.0 0.0 0.9910435080528259 -0.13266894221305847 -1.6653346031121838e-17 1.1598284110903023e-08
0.0 0.0 0.0 1.006451964378357 0.09318802505731583 1.77988237581518e-16 2.00594236689645e-16
0.0 0.0 0.0 0.9989563822746277 -0.03939580172300339 6.713032992038343e-15 3.4440872376251264e-09
0.0 -0.27907833456993103 0.0 1.0 0.0 0.0 0.0
0.0 0.0 0.0 0.9999434351921082 -2.729705738602206e-05 -5.001438152518745e-10 -0.003473026677966118
0.0 0.0 0.0 0.9993433356285095 0.028158266097307205 -0.00017078037490136921 0.0029619168490171432
0.0 0.0 0.0 0.9958658814430237 0.06542032957077026 1.4508565016058128e-07 4.0242588283945224e-07
0.0 0.0 0.0 0.9901217222213745 -0.13832613825798035 0.0012049495708197355 0.001205612439662218
0.0 0.0 0.0 0.9892385601997375 -0.1463116556406021 -5.547385057980136e-07 -1.7339324358545127e-06
0.0 0.0 0.0 0.9977837800979614 0.019413039088249207 0.00045327108819037676 0.010907990857958794
0.0 0.0 0.0 0.9811679124832153 -0.1751386523246765 3.3635847103141714e-06 3.3148664897453273e-06
0.0 0.0 0.0 0.991036057472229 -0.1335950344800949 1.710414494482393e-06 2.753858780124574e-06
0.0 0.0 0.0 0.9983572959899902 -0.05390375107526779 2.983724511029006e-17 4.712414902741102e-09
0.0 0.0 0.0 0.9652490615844727 0.2590051293373108 3.8594776263778385e-09 1.1574075243475494e-15
0.0 0.0 0.0 0.9900946021080017 0.14216825366020203 2.930988742658766e-15 1.4547218540883478e-08
0.0 0.0 0.0 0.9916148781776428 -0.12762323021888733 -5.551114792253538e-18 1.1157174739651055e-08
0.0 0.0 0.0 1.006087064743042 0.09661835432052612 2.581189969947631e-16 2.0256522941834655e-16
0.0 0.0 0.0 0.9990059733390808 -0.031026624143123627 6.3865581185628024e-15 2.712430724471915e-09
0.0 -0.2638314664363861 0.0 1.0 0.0 0.0 0.0
0.0 0.0 0.0 0.9999434947967529 -3.4283897548448294e-05 -5.393613333737335e-10 -0.004361968487501144
0.0 0.0 0.0 0.9994187951087952 0.024629568681120872 -0.00014943303540349007 0.00388226262293756
0.0 0.0 0.0 0.9956248998641968 0.07098552584648132 1.5867549052472896e-07 4.3609463773464086e-07
0.0 0.0 0.0 0.9898584485054016 -0.14032822847366333 0.0012223866069689393 0.001223063562065363
0.0 0.0 0.0 0.9892385601997375 -0.1463116556406021 -5.547385057980136e-07 -1.7339324358545127e-06
0.0 0.0 0.0 0.9980231523513794 0.013918161392211914 0.00039673259016126394 0.009544512256979942
0.0 0.0 0.0 0.9829432964324951 -0.16525967419147491 3.2384696169174276e-06 3.1034096537041478e-06
0.0 0.0 0.0 0.991036057472229 -0.1335950344800949 1.710414494482393e-06 2.753858780124574e-06
0.0 0.0 0.0 0.9968985915184021 -0.06866931170225143 2.957703394191558e-17 6.003260999420945e-09
0.0 0.0 0.0 0.9622234106063843 0.2690145671367645 4.00862987248729e-09 1.1636524865094185e-15
0.0 0.0 0.0 0.9908688068389893 0.13594713807106018 3.3417713464733685e-15 1.3910648632986522e-08
0.0 0.0 0.0 0.9921863079071045 -0.12257752567529678 5.551116446614763e-18 1.0716064480220666e-08
0.0 0.0 0.0 1.0057220458984375 0.10004869103431702 3.382497431731184e-16 2.045362221470481e-16
0.0 0.0 0.0 0.9990555644035339 -0.022657448425889015 6.0600828215707885e-15 1.9807742113187032e-09
0.0 -0.24858461320400238 0.0 1.0 0.0 0.0 0.0
0.0 0.0 0.0 0.9999436140060425 -4.127074498683214e-05 -5.785788514955925e-10 -0.005250911228358746
0.0 0.0 0.0 0.999494194984436 0.02110086940228939 -0.00012808572500944138 0.004802608396857977
0.0 0.0 0.0 0.9953839778900146 0.07655075192451477 1.7226534509973135e-07 4.6976339262982947e-07
0.0 0.0 0.0 0.9895951747894287 -0.14233030378818512 0.001239823643118143 0.0012405146844685078
0.0 0.0 0.0 0.9892385601997375 -0.1463116556406021 -5.547385057980136e-07 -1.7339324358545127e-06
0.0 0.0 0.0 0.9982625246047974 0.008423283696174622 0.0003401941212359816 0.008181033656001091
0.0 0.0 0.0 0.9847186803817749 -0.15538069605827332 3.113354523520684e-06 2.8919528176629683e-06
0.0 0.0 0.0 0.991036057472229 -0.1335950344800949 1.710414494482393e-06 2.753858780124574e-06
0.0 0.0 0.0 0.9954398274421692 -0.08343487232923508 2.931682608226355e-17 7.294107540189998e-09
0.0 0.0 0.0 0.9591977596282959 0.27902400493621826 4.157782118596742e-09 1.169897554550406e-15
0.0 0.0 0.0 0.9916430711746216 0.12972600758075714 3.752553738529734e-15 1.3274079613267986e-08
0.0 0.0 0.0 0.9927576780319214 -0.11753182113170624 1.6653346031121838e-17 1.0274955108968697e-08
0.0 0.0 0.0 1.0053571462631226 0.10347902029752731 4.183805158212533e-16 2.0650721487574966e-16
0.0 0.0 0.0 0.9991051554679871 -0.014288272708654404 5.733607948095248e-15 1.2491176981654917e-09
0.0 -0.23333774507045746 0.0 1.0 0.0 0.0 0.0
0.0 0.0 0.0 0.9999436736106873 -4.8257599701173604e-05 -6.177963696174515e-10 -0.006139851175248623
0.0 0.0 0.0 0.9995696544647217 0.017572171986103058 -0.00010673840006347746 0.005722954403609037
0.0 0.0 0.0 0.9951429963111877 0.08211594820022583 1.8585518546387902e-07 5.034321475250181e-07
0.0 0.0 0.0 0.9893319606781006 -0.1443323791027069 0.0012572606792673469 0.0012579658068716526
0.0 0.0 0.0 0.9892385601997375 -0.1463116556406021 -5.547385057980136e-07 -1.7339324358545127e-06
0.0 0.0 0.0 0.9985018968582153 0.002928406000137329 0.00028365562320686877 0.006817554123699665
0.0 0.0 0.0 0.9864940643310547 -0.14550170302391052 2.9882392027502647e-06 2.680495981621789e-06
0.0 0.0 0.0 0.991036057472229 -0.1335950344800949 1.710414494482393e-06 2.753858780124574e-06
0.0 0.0 0.0 0.9939810633659363 -0.09820043295621872 2.905661822261152e-17 8.58495408095905e-09
0.0 0.0 0.0 0.9561721086502075 0.289033442735672 4.306933920616984e-09 1.1761425167122752e-15
0.0 0.0 0.0 0.9924172759056091 0.1235048770904541 4.163336342344337e-15 1.263750970537103e-08
0.0 0.0 0.0 0.9933290481567383 -0.1124861091375351 2.7755575615628914e-17 9.833844849538309e-09
0.0 0.0 0.0 1.0049922466278076 0.10690934956073761 4.985112884693882e-16 2.0847820760445121e-16
0.0 0.0 0.0 0.9991546869277954 -0.005919095128774643 5.407133074619708e-15 5.174611850122801e-10
0.0 -0.21809087693691254 0.0 1.0 0.0 0.0 0.0
0.0 0.0 0.0 0.999943733215332 -5.524443986359984e-05 -6.570138877393106e-10 -0.007028794847428799
0.0 0.0 0.0 0.9996451139450073 0.014043472707271576 -8.539107511751354e-05 0.006643299944698811
0.0 0.0 0.0 0.9949020743370056 0.08768115937709808 1.994450258280267e-07 5.371009024202067e-07
0.0 0.0 0.0 0.9890686869621277 -0.1463344544172287 0.0012746977154165506 0.0012754169292747974
0.0 0.0 0.0 0.9892385601997375 -0.1463116556406021 -5.547385057980136e-07 -1.7339324358545127e-06
0.0 0.0 0.0 0.9987412691116333 -0.0025664716958999634 0.00022711718338541687 0.005454075522720814
0.0 0.0 0.0 0.9882695078849792 -0.13562272489070892 2.863124109353521e-06 2.4690393729542848e-06
0.0 0.0 0.0 0.991036057472229 -0.1335950344800949 1.710414494482393e-06 2.753858780124574e-06
0.0 0.0 0.0 0.9925222992897034 -0.11296599358320236 2.879641036295949e-17 9.875799733549684e-09
0.0 0.0 0.0 0.9531463980674744 0.29904288053512573 4.456086166726436e-09 1.1823874788741444e-15
0.0 0.0 0.0 0.9931914806365967 0.11728374660015106 4.57411894615894e-15 1.2000939797474075e-08
0.0 0.0 0.0 0.9939004182815552 -0.10744039714336395 3.885780850885844e-17 9.39273547828634e-09
0.0 0.0 0.0 1.0046273469924927 0.1103396788239479 5.786419817081843e-16 2.1044918709826297e-16
0.0 0.0 0.0 0.9992042779922485 0.0024500787258148193 5.080658201144167e-15 -2.1419532814093145e-10
0.0 -0.2028440237045288 0.0 1.0 0.0 0.0 0.0
0.0 0.0 0.0 0.9999437928199768 -6.223128002602607e-05 -6.962315168834721e-10 -0.007917734794318676
0.0 0.0 0.0 0.9997205138206482 0.010514773428440094 -6.404375017154962e-05 0.007563645485788584
0.0 0.0 0.0 0.9946610927581787 0.09324637055397034 2.1303486619217438e-07 5.707696573153953e-07
0.0 0.0 0.0 0.9888054132461548 -0.1483365297317505 0.0012921348679810762 0.0012928680516779423
0.0 0.0 0.0 0.9892385601997375 -0.1463116556406021 -5.547385057980136e-07 -1.7339324358545127e-06
0.0 0.0 0.0 0.9989806413650513 -0.008061349391937256 0.0001705787144601345 0.004090596921741962
0.0 0.0 0.0 0.990044891834259 -0.12574373185634613 2.7380087885831017e-06 2.2575825369131053e-06
0.0 0.0 0.0 0.991036057472229 -0.1335950344800949 1.710414494482393e-06 2.753858780124574e-06
0.0 0.0 0.0 0.9910635352134705 -0.1277315467596054 2.8536202503307457e-17 1.1166646274318737e-08
0.0 0.0 0.0 0.950120747089386 0.30905231833457947 4.605238856925098e-09 1.188632546915132e-15
0.0 0.0 0.0 0.993965744972229 0.11106262356042862 4.984901549973542e-15 1.136436988957712e-08
0.0 0.0 0.0 0.9944717884063721 -0.10239469259977341 4.9960034784643064e-17 8.951625218855952e-09
0.0 0.0 0.0 1.0042624473571777 0.1137700080871582 6.587727808260988e-16 2.1242017982696452e-16
0.0 0.0 0.0 0.9992538690567017 0.01081925630569458 4.754183327668627e-15 -9.45851841294143e-10
0.0 -0.1875971555709839 0.0 1.0 0.0 0.0 0.0
0.0 0.0 0.0 0.9999438524246216 -6.92181201884523e-05 -7.354490350053311e-10 -0.008806676603853703
0.0 0.0 0.0 0.9997959733009338 0.0069860778748989105 -4.269641067367047e-05 0.008483991026878357
0.0 0.0 0.0 0.9944201707839966 0.09881158173084259 2.2662473497803148e-07 6.044384690540028e-07
0.0 0.0 0.0 0.9885421395301819 -0.15033861994743347 0.00130957190413028 0.0013103191740810871
0.0 0.0 0.0 0.9892385601997375 -0.1463116556406021 -5.547385057980136e-07 -1.7339324358545127e-06
0.0 0.0 0.0 0.999220073223114 -0.013556227087974548 0.00011404021643102169 0.002727118320763111
0.0 0.0 0.0 0.9918202757835388 -0.11586475372314453 2.612893695186358e-06 2.046125700871926e-06
0.0 0.0 0.0 0.991036057472229 -0.1335950344800949 1.710414494482393e-06 2.753858780124574e-06
0.0 0.0 0.0 0.9896048307418823 -0.14249710738658905 2.8275991334932976e-17 1.245749281508779e-08
0.0 0.0 0.0 0.9470950961112976 0.3190617561340332 4.75439065894534e-09 1.194877509077001e-15
0.0 0.0 0.0 0.9947399497032166 0.10484149307012558 5.395683730271671e-15 1.0727800869858584e-08
0.0 0.0 0.0 0.9950432181358337 -0.09734898060560226 6.106226767787259e-17 8.510514959425564e-09
0.0 0.0 0.0 1.0038974285125732 0.1172003448009491 7.389035799440133e-16 2.1439117255566607e-16
0.0 0.0 0.0 0.9993034601211548 0.019188430160284042 4.427708030676613e-15 -1.6775083544473546e-09
0.0 -0.17235028743743896 0.0 1.0 0.0 0.0 0.0
0.0 0.0 0.0 0.9999439716339111 -7.620497490279377e-05 -7.746665531271901e-10 -0.009695618413388729
0.0 0.0 0.0 0.9998713731765747 0.0034573785960674286 -2.134910027962178e-05 0.009404337033629417
0.0 0.0 0.0 0.9941791892051697 0.10437679290771484 2.4021457534217916e-07 6.381071671057725e-07
0.0 0.0 0.0 0.988278865814209 -0.15234069526195526 0.0013270089402794838 0.001327770296484232
0.0 0.0 0.0 0.9892385601997375 -0.1463116556406021 -5.547385057980136e-07 -1.7339324358545127e-06
0.0 0.0 0.0 0.999459445476532 -0.01905110478401184 5.750177660956979e-05 0.0013636387884616852
0.0 0.0 0.0 0.9935957193374634 -0.10598576068878174 2.487778601789614e-06 1.8346688648307463e-06
0.0 0.0 0.0 0.991036057472229 -0.1335950344800949 1.710414494482393e-06 2.753858780124574e-06
0.0 0.0 0.0 0.9881460666656494 -0.1572626680135727 2.8015783475280945e-17 1.3748339355856842e-08
0.0 0.0 0.0 0.9440693855285645 0.32907119393348694 4.903542905054792e-09 1.2011225771179886e-15
0.0 0.0 0.0 0.9955142140388489 0.09862037003040314 5.806466334086274e-15 1.0091230961961628e-08
0.0 0.0 0.0 0.9956145882606506 -0.09230327606201172 7.216449395365721e-17 8.069404699995175e-09
0.0 0.0 0.0 1.0035325288772583 0.1206306740641594 8.190342731828094e-16 2.1636216528436763e-16
0.0 0.0 0.0 0.9993530511856079 0.027557607740163803 4.101233157201073e-15 -2.409164867600566e-09
0.0 -0.15710341930389404 0.0 1.0 0.0 0.0 0.0
0.0 0.0 0.0 0.9999440312385559 -8.319181506522e-05 -8.138840712490492e-10 -0.01058456115424633
0.0 0.0 0.0 0.9999468326568604 -7.131970050977543e-05 -1.7846559785539284e-09 0.010324682109057903
0.0 0.0 0.0 0.9939382672309875 0.1099420040845871 2.5380441570632684e-07 6.717759220009611e-07
0.0 0.0 0.0 0.9880155920982361 -0.15434277057647705 0.0013444459764286876 0.0013452214188873768
0.0 0.0 0.0 0.9892385601997375 -0.1463116556406021 -5.547385057980136e-07 -1.7339324358545127e-06
0.0 0.0 0.0 0.99969881772995 -0.024545982480049133 9.632997262087883e-07 1.6077679276804702e-07
0.0 0.0 0.0 0.9953711032867432 -0.09610678255558014 2.362663281019195e-06 1.6232119151027291e-06
0.0 0.0 0.0 0.991036057472229 -0.1335950344800949 1.710414494482393e-06 2.753858780124574e-06
0.0 0.0 0.0 0.9866873025894165 -0.17202822864055634 2.7755575615628914e-17 1.5039185896625895e-08
0.0 0.0 0.0 0.9410437345504761 0.3390806317329407 5.052695151164244e-09 1.2073675392798577e-15
0.0 0.0 0.0 0.9962884187698364 0.0923992395401001 6.217248937900877e-15 9.454661054064672e-09
0.0 0.0 0.0 0.9961859583854675 -0.08725756406784058 8.326672684688674e-17 7.628295328743206e-09
0.0 0.0 0.0 1.0031676292419434 0.12406100332736969 8.99165072300724e-16 2.1833315801306918e-16
0.0 0.0 0.0 0.999402642250061 0.035926781594753265 3.774758283725532e-15 -3.1408211587091728e-09
0.0 -0.16855065524578094 0.0 1.0 0.0 0.0 0.0
0.0 0.0 0.0 0.9999439716339111 -7.620496762683615e-05 -7.746665531271901e-10 -0.009695619344711304
0.0 0.0 0.0 0.9998757243156433 0.0033541887532919645 -2.072366260108538e-05 0.009403618983924389
0.0 0.0 0.0 0.9941691160202026 0.10437636077404022 -5.5869830248411745e-05 -0.0012953102122992277
0.0 0.0 0.0 0.986696720123291 -0.1613387167453766 0.0014053952181711793 0.0014061949914321303
0.0 0.0 0.0 0.9892385601997375 -0.1463116556406021 -5.547385057980136e-07 -1.7339324358545127e-06
0.0 0.0 0.0 0.9994706511497498 -0.01905067265033722 8.80309812600899e-07 3.921914526472392e-08
0.0 0.0 0.0 0.9951062798500061 -0.09826137870550156 2.3829431938793277e-06 1.6711582020434435e-06
0.0 0.0 0.0 0.991036057472229 -0.1335950344800949 1.710414494482393e-06 2.753858780124574e-06
0.0 0.0 0.0 0.986526370048523 -0.1728914976119995 3.191891129622876e-17 1.5114654416947815e-08
0.0 0.0 0.0 0.9467795491218567 0.3112823963165283 4.638469608408968e-09 1.1175088844000828e-15
0.0 0.0 0.0 0.9967125058174133 0.08399079740047455 6.271372225648058e-15 8.594276401652223e-09
0.0 0.0 0.0 0.9965202212333679 -0.08160203695297241 1.063385477538893e-16 7.133873491937948e-09
0.0 0.0 0.0 1.0027912855148315 0.12679719924926758 9.17836854831761e-16 2.2112345659489226e-16
0.0 0.0 0.0 0.9987377524375916 0.04439088702201843 3.416711315932272e-15 -3.880776588971457e-09
0.0 -0.17999790608882904 0.0 1.0 0.0 0.0 0.0
0.0 0.0 0.0 0.9999438524246216 -6.921812746440992e-05 -7.354490350053311e-10 -0.008806677535176277
0.0 0.0 0.0 0.9998045563697815 0.006779697258025408 -4.1445542592555285e-05 0.008482555858790874
0.0 0.0 0.0 0.9943999648094177 0.09881072491407394 -0.00011199346045032144 -0.0025912923738360405
0.0 0.0 0.0 0.9853777885437012 -0.16833466291427612 0.001466344459913671 0.001467168447561562
0.0 0.0 0.0 0.9892385601997375 -0.1463116556406021 -5.547385057980136e-07 -1.7339324358545127e-06
0.0 0.0 0.0 0.9992424249649048 -0.01355536375194788 7.973199558364286e-07 -8.233850223859918e-08
0.0 0.0 0.0 0.9948413968086243 -0.10041597485542297 2.4032231067394605e-06 1.71910437529732e-06
0.0 0.0 0.0 0.991036057472229 -0.1335950344800949 1.710414494482393e-06 2.753858780124574e-06
0.0 0.0 0.0 0.9863654971122742 -0.1737547665834427 3.608224697682861e-17 1.5190124713626574e-08
0.0 0.0 0.0 0.9525153636932373 0.28348419070243835 4.224244065653693e-09 1.0276502295203079e-15
0.0 0.0 0.0 0.997136652469635 0.0755823627114296 6.32549551339524e-15 7.733891749239774e-09
0.0 0.0 0.0 0.9968545436859131 -0.07594650983810425 1.2941036866089185e-16 6.639451655132689e-09
0.0 0.0 0.0 1.0024148225784302 0.12953339517116547 9.36508637362798e-16 2.2391374194182553e-16
0.0 0.0 0.0 0.9980729222297668 0.0528549887239933 3.0586643481390115e-15 -4.620732241278347e-09
0.0 -0.19144514203071594 0.0 1.0 0.0 0.0 0.0
0.0 0.0 0.0 0.9999437928199768 -6.223128002602607e-05 -6.962315168834721e-10 -0.007917736656963825
0.0 0.0 0.0 0.9997334480285645 0.010205205529928207 -6.216741894604638e-05 0.007561493664979935
0.0 0.0 0.0 0.9946308135986328 0.09324508905410767 -0.00016811709792818874 -0.003887274768203497
0.0 0.0 0.0 0.9840589165687561 -0.17533060908317566 0.0015272937016561627 0.0015281420201063156
0.0 0.0 0.0 0.9892385601997375 -0.1463116556406021 -5.547385057980136e-07 -1.7339324358545127e-06
0.0 0.0 0.0 0.9990142583847046 -0.00806005485355854 7.143300990719581e-07 -2.0389613553106756e-07
0.0 0.0 0.0 0.9945765733718872 -0.1025705635547638 2.4235030195995932e-06 1.7670506622380344e-06
0.0 0.0 0.0 0.991036057472229 -0.1335950344800949 1.710414494482393e-06 2.753858780124574e-06
0.0 0.0 0.0 0.9862046241760254 -0.17461803555488586 4.0245585966150905e-17 1.5265595010305333e-08
0.0 0.0 0.0 0.9582511782646179 0.255685955286026 3.810018522898417e-09 9.377914687614146e-16
0.0 0.0 0.0 0.9975607395172119 0.06717392057180405 6.379619224658895e-15 6.873507096827325e-09
0.0 0.0 0.0 0.9971888065338135 -0.07029098272323608 1.524821961853393e-16 6.14502981832743e-09
0.0 0.0 0.0 1.0020384788513184 0.13226959109306335 9.551804198938349e-16 2.267040537585384e-16
0.0 0.0 0.0 0.9974080324172974 0.06131909042596817 2.700617592103988e-15 -5.3606878935852365e-09
0.0 -0.20289239287376404 0.0 1.0 0.0 0.0 0.0
0.0 0.0 0.0 0.999943733215332 -5.524443258764222e-05 -6.570139432504618e-10 -0.007028794847428799
0.0 0.0 0.0 0.9996622800827026 0.013630714267492294 -8.288929529953748e-05 0.00664043053984642
0.0 0.0 0.0 0.9948616623878479 0.08767944574356079 -0.00022424073540605605 -0.005183256231248379
0.0 0.0 0.0 0.982740044593811 -0.1823265552520752 0.0015882428269833326 0.0015891154762357473
0.0 0.0 0.0 0.9892385601997375 -0.1463116556406021 -5.547385057980136e-07 -1.7339324358545127e-06
0.0 0.0 0.0 0.9987860321998596 -0.0025647450238466263 6.313401854640688e-07 -3.254538114561001e-07
0.0 0.0 0.0 0.9943116903305054 -0.10472515970468521 2.4437831598334014e-06 1.8149969491787488e-06
0.0 0.0 0.0 0.991036057472229 -0.1335950344800949 1.710414494482393e-06 2.753858780124574e-06
0.0 0.0 0.0 0.9860436916351318 -0.17548130452632904 4.440892164675075e-17 1.5341063530627252e-08
0.0 0.0 0.0 0.9639869928359985 0.22788771986961365 3.395793202187747e-09 8.479328138816396e-16
0.0 0.0 0.0 0.9979848861694336 0.058765482157468796 6.433742512406077e-15 6.013122444414876e-09
0.0 0.0 0.0 0.9975231289863586 -0.06463545560836792 1.7555401047489696e-16 5.650607981522171e-09
0.0 0.0 0.0 1.001662015914917 0.13500578701496124 9.738522024248719e-16 2.294943391054717e-16
0.0 0.0 0.0 0.9967431426048279 0.06978319585323334 2.3425706243107277e-15 -6.100643545892126e-09
0.0 -0.21433962881565094 0.0 1.0 0.0 0.0 0.0
0.0 0.0 0.0 0.9999436736106873 -4.825758878723718e-05 -6.177964251286028e-10 -0.006139852572232485
0.0 0.0 0.0 0.9995911717414856 0.01705622300505638 -0.00010361117892898619 0.005719366949051619
0.0 0.0 0.0 0.995092511177063 0.08211380988359451 -0.0002803643583320081 -0.006479238159954548
0.0 0.0 0.0 0.981421172618866 -0.18932250142097473 0.0016491920687258244 0.0016500890487805009
0.0 0.0 0.0 0.9892385601997375 -0.1463116556406021 -5.547385057980136e-07 -1.7339324358545127e-06
0.0 0.0 0.0 0.9985578656196594 0.0029305648058652878 5.483502718561795e-07 -4.4701141632685903e-07
0.0 0.0 0.0 0.9940468668937683 -0.10687975585460663 2.464063072693534e-06 1.8629432361194631e-06
0.0 0.0 0.0 0.991036057472229 -0.1335950344800949 1.710414494482393e-06 2.753858780124574e-06
0.0 0.0 0.0 0.9858827590942383 -0.17634457349777222 4.85722573273506e-17 1.5416532050949172e-08
0.0 0.0 0.0 0.9697228670120239 0.2000894993543625 2.9815676594324714e-09 7.580741590018647e-16
0.0 0.0 0.0 0.9984089732170105 0.050357043743133545 6.4878658001532585e-15 5.1527377920024264e-09
0.0 0.0 0.0 0.997857391834259 -0.05897993594408035 1.986258379993444e-16 5.156185700627702e-09
0.0 0.0 0.0 1.0012856721878052 0.13774198293685913 9.925239849559089e-16 2.3228462445240496e-16
0.0 0.0 0.0 0.9960782527923584 0.07824729382991791 1.9845236565174673e-15 -6.8405991981990155e-09
0.0 -0.22578686475753784 0.0 1.0 0.0 0.0 0.0
0.0 0.0 0.0 0.9999436140060425 -4.127074498683214e-05 -5.785789070067437e-10 -0.005250911694020033
0.0 0.0 0.0 0.9995200634002686 0.020481731742620468 -0.0001243330625584349 0.004798304755240679
0.0 0.0 0.0 0.9953233003616333 0.07654816657304764 -0.0003364879812579602 -0.007775221019983292
0.0 0.0 0.0 0.9801023006439209 -0.19631844758987427 0.001710141310468316 0.0017110626213252544
0.0 0.0 0.0 0.9892385601997375 -0.1463116556406021 -5.547385057980136e-07 -1.7339324358545127e-06
0.0 0.0 0.0 0.9983296394348145 0.008425872772932053 4.65360415091709e-07 -5.685690780410368e-07
0.0 0.0 0.0 0.9937820434570312 -0.10903435200452805 2.484342985553667e-06 1.9108895230601775e-06
0.0 0.0 0.0 0.991036057472229 -0.1335950344800949 1.710414494482393e-06 2.753858780124574e-06
0.0 0.0 0.0 0.9857218861579895 -0.1772078424692154 5.2735593007950446e-17 1.549200234762793e-08
0.0 0.0 0.0 0.9754586815834045 0.17229126393795013 2.567342116677196e-09 6.682155041220898e-16
0.0 0.0 0.0 0.9988330602645874 0.041948605328798294 6.54198908790044e-15 4.292353139589977e-09
0.0 0.0 0.0 0.9981916546821594 -0.05332440882921219 2.2169766552379187e-16 4.661764307911653e-09
0.0 0.0 0.0 1.0009092092514038 0.14047817885875702 1.0111958733660643e-15 2.3507493626911784e-16
0.0 0.0 0.0 0.9954134225845337 0.08671139925718307 1.626476688724207e-15 -7.580553962327485e-09
0.0 -0.23723411560058594 0.0 1.0 0.0 0.0 0.0
0.0 0.0 0.0 0.9999434947967529 -3.42839011864271e-05 -5.393613333737335e-10 -0.004361969884485006
0.0 0.0 0.0 0.9994488954544067 0.023907240480184555 -0.00014505494618788362 0.0038772416301071644
0.0 0.0 0.0 0.9955541491508484 0.07098253071308136 -0.0003926116041839123 -0.00907120294868946
0.0 0.0 0.0 0.978783369064331 -0.2033143937587738 0.0017710905522108078 0.0017720360774546862
0.0 0.0 0.0 0.9892385601997375 -0.1463116556406021 -5.547385057980136e-07 -1.7339324358545127e-06
0.0 0.0 0.0 0.9981014728546143 0.013921182602643967 3.823705014838197e-07 -6.901267397552147e-07
0.0 0.0 0.0 0.9935171604156494 -0.11118894815444946 2.5046228984137997e-06 1.9588355826272164e-06
0.0 0.0 0.0 0.991036057472229 -0.1335950344800949 1.710414494482393e-06 2.753858780124574e-06
0.0 0.0 0.0 0.9855610132217407 -0.17807111144065857 5.689892868855029e-17 1.556747264430669e-08
0.0 0.0 0.0 0.9811944961547852 0.14449304342269897 2.1531165739219205e-09 5.783567963027556e-16
0.0 0.0 0.0 0.9992572069168091 0.03354016691446304 6.596112375647622e-15 3.431968487177528e-09
0.0 0.0 0.0 0.9985259771347046 -0.047668881714344025 2.447694930482393e-16 4.167342027017185e-09
0.0 0.0 0.0 1.000532865524292 0.1432143747806549 1.0298676558971012e-15 2.378652216160511e-16
0.0 0.0 0.0 0.9947485327720642 0.09517550468444824 1.2684297209309466e-15 -8.320509614634375e-09
0.0 -0.24868135154247284 0.0 1.0 0.0 0.0 0.0
0.0 0.0 0.0 0.9999434351921082 -2.7297053748043254e-05 -5.001438152518745e-10 -0.0034730280749499798
0.0 0.0 0.0 0.9993777871131897 0.027332749217748642 -0.0001657768152654171 0.00295617850497365
0.0 0.0 0.0 0.9957849979400635 0.06541688740253448 -0.0004487352562136948 -0.01036718487739563
0.0 0.0 0.0 0.977464497089386 -0.21031033992767334 0.0018320397939532995 0.0018330096499994397
0.0 0.0 0.0 0.9892385601997375 -0.1463116556406021 -5.547385057980136e-07 -1.7339324358545127e-06
0.0 0.0 0.0 0.9978733062744141 0.01941649243235588 2.993806447193492e-07 -8.116844014693925e-07
0.0 0.0 0.0 0.9932523369789124 -0.11334354430437088 2.5249028112739325e-06 2.0067818695679307e-06
0.0 0.0 0.0 0.991036057472229 -0.1335950344800949 1.710414494482393e-06 2.753858780124574e-06
0.0 0.0 0.0 0.9854000806808472 -0.17893438041210175 6.106226767787259e-17 1.564294116462861e-08
0.0 0.0 0.0 0.9869303107261658 0.11669482290744781 1.73889125321125e-09 4.884981414229807e-16
0.0 0.0 0.0 0.999681293964386 0.025131724774837494 6.650236086911277e-15 2.5715838347650788e-09
0.0 0.0 0.0 0.998860239982605 -0.04201335459947586 2.6784129410290717e-16 3.6729201902119257e-09
0.0 0.0 0.0 1.0001564025878906 0.1459505707025528 1.0485394384281382e-15 2.406555069629844e-16
0.0 0.0 0.0 0.9940836429595947 0.10363961011171341 9.10382964895923e-16 -9.060465266941264e-09
0.0 -0.26012858748435974 0.0 1.0 0.0 0.0 0.0
0.0 0.0 0.0 0.9999433755874634 -2.0310209947638214e-05 -4.6092632488559104e-10 -0.002584085799753666
0.0 0.0 0.0 0.9993066191673279 0.03075825795531273 -0.00018649871344678104 0.0020351149141788483
0.0 0.0 0.0 0.9960158467292786 0.05985124781727791 -0.0005048589082434773 -0.011663167737424374
0.0 0.0 0.0 0.9785188436508179 -0.2038092464208603 0.001775409560650587 0.0017763462383300066
0.0 0.0 0.0 0.9892385601997375 -0.1463116556406021 -5.547385057980136e-07 -1.7339324358545127e-06
0.0 0.0 0.0 0.9976450800895691 0.024911802262067795 2.1639078795487876e-07 -9.332420063401514e-07
0.0 0.0 0.0 0.9929874539375305 -0.1154981404542923 2.545182724134065e-06 2.054728156508645e-06
0.0 0.0 0.0 0.991036057472229 -0.1335950344800949 1.710414494482393e-06 2.753858780124574e-06
0.0 0.0 0.0 0.9852391481399536 -0.17979764938354492 6.522560004974999e-17 1.571840968495053e-08
0.0 0.0 0.0 0.9926661252975464 0.08889660239219666 1.3246657104559745e-09 3.986394336036466e-16
0.0 0.0 0.0 1.000105381011963 0.01672329008579254 6.704359374658459e-15 1.7111991823526296e-09
0.0 0.0 0.0 0.9991945624351501 -0.036357831209897995 2.9091312162735463e-16 3.178498353406667e-09
0.0 0.0 0.0 0.9997800588607788 0.14868676662445068 1.0672112209591752e-15 2.4344581877969727e-16
0.0 0.0 0.0 0.99341881275177 0.11210370808839798 5.523359971026627e-16 -9.800420919248154e-09
0.0 -0.27157583832740784 0.0 1.0 0.0 0.0 0.0
0.0 0.0 0.0 0.9999432563781738 -1.3323362509254366e-05 -4.21708806763732e-10 -0.0016951439902186394
0.0 0.0 0.0 0.9992355108261108 0.03418376296758652 -0.00020722058252431452 0.0011140517890453339
0.0 0.0 0.0 0.9962466955184937 0.05428561195731163 -0.0005609825602732599 -0.012959148734807968
0.0 0.0 0.0 0.9795731902122498 -0.19730815291404724 0.0017187794437631965 0.0017196827102452517
0.0 0.0 0.0 0.9892385601997375 -0.1463116556406021 -5.547385057980136e-07 -1.7339324358545127e-06
0.0 0.0 0.0 0.9974169135093689 0.03040711209177971 1.3340087434698944e-07 -1.0547995543674915e-06
0.0 0.0 0.0 0.9927226305007935 -0.11765272915363312 2.565462636994198e-06 2.1026744434493594e-06
0.0 0.0 0.0 0.991036057472229 -0.1335950344800949 1.710414494482393e-06 2.753858780124574e-06
0.0 0.0 0.0 0.9850782752037048 -0.1806609183549881 6.938893903907228e-17 1.579387998162929e-08
0.0 0.0 0.0 0.998401939868927 0.061098359525203705 9.10440167700699e-10 3.0878077872387166e-16
0.0 0.0 0.0 1.0005295276641846 0.00831485167145729 6.7584826624056404e-15 8.508149740293902e-10
0.0 0.0 0.0 0.9995288252830505 -0.03070230409502983 3.139849491518021e-16 2.684076516601408e-09
0.0 0.0 0.0 0.9994036555290222 0.15142296254634857 1.0858830034902122e-15 2.4623610412663054e-16
0.0 0.0 0.0 0.9927539229393005 0.12056781351566315 1.942890293094024e-16 -1.0540376571555043e-08
0.0 -0.2810865640640259 0.0 1.0 0.0 0.0 0.0
0.0 0.0 0.0 0.999943196773529 -6.336522346828133e-06 -3.8249126088629737e-10 -0.0008062031120061874
0.0 0.0 0.0 0.999164342880249 0.037609271705150604 -0.000227942451601848 0.00019298959523439407
0.0 0.0 0.0 0.9964775443077087 0.048719968646764755 -0.0006171061540953815 -0.014255131594836712
0.0 0.0 0.0 0.9806275367736816 -0.19080707430839539 0.001662149210460484 0.0016630192985758185
0.0 0.0 0.0 0.9892385601997375 -0.1463116556406021 -5.547385057980136e-07 -1.7339324358545127e-06
0.0 0.0 0.0 0.9971886873245239 0.03590242192149162 5.041101758251898e-08 -1.1763572729250882e-06
0.0 0.0 0.0 0.9924577474594116 -0.11980732530355453 2.5857425498543307e-06 2.1506207303900737e-06
0.0 0.0 0.0 0.991036057472229 -0.1335950344800949 1.710414494482393e-06 2.753858780124574e-06
0.0 0.0 0.0 0.9870821237564087 -0.16800609230995178 4.5102810375396984e-17 1.4687559612980294e-08
0.0 0.0 0.0 0.998793363571167 0.051967792212963104 7.74384223412028e-10 1.0321604682062002e-16
0.0 0.0 0.0 0.999057412147522 -0.020940758287906647 7.40401663590351e-15 -2.142733990240231e-09
0.0 0.0 0.0 0.9994041323661804 -0.03403668478131294 3.0140820395097023e-16 2.975577340080804e-09
0.0 0.0 0.0 0.9953635334968567 0.17218126356601715 1.249375926540698e-15 2.4870748156892257e-16
0.0 0.0 0.0 0.9913625121116638 0.13039135932922363 2.6020852139652106e-15 -1.1399177601845167e-08
0.0 -0.2905972898006439 0.0 1.0 0.0 0.0 0.0
0.0 0.0 0.0 0.9999431371688843 6.503250915557146e-07 -3.4327374276443834e-10 8.27377662062645e-05
0.0 0.0 0.0 0.999093234539032 0.04103478044271469 -0.0002486643206793815 -0.0007280731224454939
0.0 0.0 0.0 0.9967083930969238 0.04315433278679848 -0.000673229806125164 -0.015551113523542881
0.0 0.0 0.0 0.9816818833351135 -0.18430598080158234 0.0016055189771577716 0.0016063557704910636
0.0 0.0 0.0 0.9892385601997375 -0.1463116556406021 -5.547385057980136e-07 -1.7339324358545127e-06
0.0 0.0 0.0 0.9969605207443237 0.04139772802591324 -3.257889602537034e-08 -1.2979148777958471e-06
0.0 0.0 0.0 0.9921929240226746 -0.12196192145347595 2.6060224627144635e-06 2.198567017330788e-06
0.0 0.0 0.0 0.991036057472229 -0.1335950344800949 1.710414494482393e-06 2.753858780124574e-06
0.0 0.0 0.0 0.9890859127044678 -0.15535125136375427 2.0816681711721685e-17 1.35812392443313e-08
0.0 0.0 0.0 0.999184787273407 0.042837224900722504 6.383282236122056e-10 -1.0234868508263162e-16
0.0 0.0 0.0 0.9975853562355042 -0.050196368247270584 8.049550609401379e-15 -5.136282954509852e-09
0.0 0.0 0.0 0.9992793798446655 -0.037371061742305756 2.888314587501384e-16 3.2670781635601998e-09
0.0 0.0 0.0 0.9913234710693359 0.19293957948684692 1.4128688495911837e-15 2.511788590112146e-16
0.0 0.0 0.0 0.9899711608886719 0.14021489024162292 5.009881398621019e-15 -1.2257977743956872e-08
0.0 -0.30010801553726196 0.0 1.0 0.0 0.0 0.0
0.0 0.0 0.0 0.9999430775642395 7.637165253981948e-06 -3.040562246425793e-10 0.0009716805070638657
0.0 0.0 0.0 0.9991624355316162 0.037622325122356415 -0.00022794220421928912 -0.0016965125687420368
0.0 0.0 0.0 0.9969594478607178 0.037589553743600845 -0.0006171333370730281 -0.014255198650062084
0.0 0.0 0.0 0.9827362298965454 -0.1778048872947693 0.001548888860270381 0.0015496923588216305
0.0 0.0 0.0 0.9892385601997375 -0.1463116556406021 -5.547385057980136e-07 -1.7339324358545127e-06
0.0 0.0 0.0 0.9967323541641235 0.04689303785562515 -1.1556880963325966e-07 -1.419472482666606e-06
0.0 0.0 0.0 0.9919281005859375 -0.12411651760339737 2.6263026029482717e-06 2.2465133042715024e-06
0.0 0.0 0.0 0.991036057472229 -0.1335950344800949 1.710414494482393e-06 2.753858780124574e-06
0.0 0.0 0.0 0.9910897612571716 -0.14269642531871796 -3.469446951953614e-18 1.2474919763860726e-08
0.0 0.0 0.0 0.999576210975647 0.033706653863191605 5.022722238123833e-10 -3.0791341698588326e-16
0.0 0.0 0.0 0.9961133003234863 -0.07945197820663452 8.695084582899248e-15 -8.129832806957893e-09
0.0 0.0 0.0 0.9991546869277954 -0.04070544242858887 2.7625471354930653e-16 3.5585789870395956e-09
0.0 0.0 0.0 0.9872833490371704 0.2136978805065155 1.5763617726416695e-15 2.5365023645350664e-16
0.0 0.0 0.0 0.9885797500610352 0.1500384360551834 7.417677583276827e-15 -1.3116778774246995e-08
0.0 -0.30961874127388 0.0 1.0 0.0 0.0 0.0
0.0 0.0 0.0 0.9999430179595947 1.4624012692365795e-05 -2.6483865100956905e-10 0.0018606213852763176
0.0 0.0 0.0 0.9992316961288452 0.03420986980199814 -0.00020722008775919676 -0.0026649520732462406
0.0 0.0 0.0 0.9972105026245117 0.032024774700403214 -0.0005610368680208921 -0.012959283776581287
0.0 0.0 0.0 0.9837905764579773 -0.17130379378795624 0.0014922586269676685 0.0014930288307368755
0.0 0.0 0.0 0.9892385601997375 -0.1463116556406021 -5.547385057980136e-07 -1.7339324358545127e-06
0.0 0.0 0.0 0.9965041279792786 0.05238834768533707 -1.9855872324114898e-07 -1.5410302012242028e-06
0.0 0.0 0.0 0.9916632175445557 -0.1262711137533188 2.6465825158084044e-06 2.2944595912122168e-06
0.0 0.0 0.0 0.991036057472229 -0.1335950344800949 1.710414494482393e-06 2.753858780124574e-06
0.0 0.0 0.0 0.9930936098098755 -0.13004159927368164 -2.7755575615628914e-17 1.1368599395211731e-08
0.0 0.0 0.0 0.999967634677887 0.024576086550951004 3.6621627952371227e-10 -5.134781488891349e-16
0.0 0.0 0.0 0.9946411848068237 -0.10870758444070816 9.340618556397118e-15 -1.1123381327138304e-08
0.0 0.0 0.0 0.9990299940109253 -0.04403982311487198 2.636779683484747e-16 3.8500798105189915e-09
0.0 0.0 0.0 0.9832432270050049 0.23445618152618408 1.7398546956921552e-15 2.5612161389579867e-16
0.0 0.0 0.0 0.9871883392333984 0.1598619818687439 9.825473767932635e-15 -1.397557980453712e-08
0.0 -0.2901403307914734 0.0 1.0 0.0 0.0 0.0
0.0 0.0 0.0 0.9999428987503052 2.1610867406707257e-05 -2.2562113288771002e-10 0.0027495641261339188
0.0 0.0 0.0 0.9993008971214294 0.030797410756349564 -0.0001864979712991044 -0.0036333913449198008
0.0 0.0 0.0 0.9974615573883057 0.026459993794560432 -0.0005049404571764171 -0.01166336890310049
0.0 0.0 0.0 0.9848449230194092 -0.1648027002811432 0.001435628393664956 0.0014363654190674424
0.0 0.0 0.0 0.9892385601997375 -0.1463116556406021 -5.547385057980136e-07 -1.7339324358545127e-06
0.0 0.0 0.0 0.9962759613990784 0.05788365751504898 -2.815485231622006e-07 -1.6625878060949617e-06
0.0 0.0 0.0 0.9913983941078186 -0.1284257024526596 2.666862428668537e-06 2.3424056507792557e-06
0.0 0.0 0.0 0.991036057472229 -0.1335950344800949 1.710414494482393e-06 2.753858780124574e-06
0.0 0.0 0.0 0.9937170147895813 -0.12373858690261841 -4.093947469479714e-17 1.0817572615451354e-08
0.0 0.0 0.0 0.9991737008094788 0.03493214771151543 5.205335051883253e-10 -4.916206225039153e-16
0.0 0.0 0.0 0.995047926902771 -0.09174616634845734 9.050486055039997e-15 -9.38782207526856e-09
0.0 0.0 0.0 0.9974079132080078 -0.05809839069843292 2.1718737389834033e-16 5.079118903239532e-09
0.0 0.0 0.0 0.9789025187492371 0.2482188493013382 1.8566100347790432e-15 2.74203040932379e-16
0.0 0.0 0.0 0.9883602857589722 0.1486503928899765 9.613143783879664e-15 -1.2995431397655466e-08
0.0 -0.27066195011138916 0.0 1.0 0.0 0.0 0.0
0.0 0.0 0.0 0.9999428391456604 2.859770756913349e-05 -1.86403614765851e-10 0.0036385050043463707
0.0 0.0 0.0 0.9993700981140137 0.027384955435991287 -0.00016577585483901203 -0.004601831082254648
0.0 0.0 0.0 0.9977126121520996 0.0208952147513628 -0.00044884398812428117 -0.010367454960942268
0.0 0.0 0.0 0.9858992695808411 -0.15830162167549133 0.0013789982767775655 0.0013797020073980093
0.0 0.0 0.0 0.9892385601997375 -0.1463116556406021 -5.547385057980136e-07 -1.7339324358545127e-06
0.0 0.0 0.0 0.9960477352142334 0.0633789673447609 -3.645384367700899e-07 -1.7841455246525584e-06
0.0 0.0 0.0 0.9911335110664368 -0.13058030605316162 2.68714234152867e-06 2.39035193771997e-06
0.0 0.0 0.0 0.991036057472229 -0.1335950344800949 1.710414494482393e-06 2.753858780124574e-06
0.0 0.0 0.0 0.9943403601646423 -0.11743557453155518 -5.412337377396536e-17 1.0266545835690977e-08
0.0 0.0 0.0 0.9983798265457153 0.04528820887207985 6.748507308529383e-10 -4.697630961186957e-16
0.0 0.0 0.0 0.9954546689987183 -0.07478474080562592 8.760353553682876e-15 -7.652262823398814e-09
0.0 0.0 0.0 0.9957858324050903 -0.07215696573257446 1.7069679268309578e-16 6.308157995960073e-09
0.0 0.0 0.0 0.9745617508888245 0.2619815170764923 1.9733654797450496e-15 2.9228444149917974e-16
0.0 0.0 0.0 0.9895322322845459 0.1374387890100479 9.400813799826692e-15 -1.2015282990773812e-08
0.0 -0.25118353962898254 0.0 1.0 0.0 0.0 0.0
0.0 0.0 0.0 0.9999427795410156 3.5584547731559724e-05 -1.4718609664399196e-10 0.004527446813881397
0.0 0.0 0.0 0.9994392991065979 0.02397249825298786 -0.00014505372382700443 -0.005570270121097565
0.0 0.0 0.0 0.9979636669158936 0.015330435708165169 -0.0003927475481759757 -0.009071540087461472
0.0 0.0 0.0 0.986953616142273 -0.15180052816867828 0.001322368043474853 0.0013230384793132544
0.0 0.0 0.0 0.9892385601997375 -0.1463116556406021 -5.547385057980136e-07 -1.7339324358545127e-06
0.0 0.0 0.0 0.9958195686340332 0.06887427717447281 -4.475283503779792e-07 -1.9057031295233173e-06
0.0 0.0 0.0 0.9908686876296997 -0.13273489475250244 2.7074222543888027e-06 2.4382982246606844e-06
0.0 0.0 0.0 0.991036057472229 -0.1335950344800949 1.710414494482393e-06 2.753858780124574e-06
0.0 0.0 0.0 0.9949637651443481 -0.11113256216049194 -6.730726954441114e-17 9.7155190559306e-09
0.0 0.0 0.0 0.9975858926773071 0.05564426630735397 8.291680120287026e-10 -4.479056226730353e-16
0.0 0.0 0.0 0.9958614110946655 -0.05782332643866539 8.470221052325755e-15 -5.9167035715290694e-09
0.0 0.0 0.0 0.9941637516021729 -0.08621552586555481 1.2420619823296143e-16 7.537196644591404e-09
0.0 0.0 0.0 0.9702210426330566 0.27574416995048523 2.090120712952819e-15 3.103658685357601e-16
0.0 0.0 0.0 0.9907042384147644 0.12622720003128052 9.188482968740773e-15 -1.1035133695713739e-08
0.0 -0.23170514404773712 0.0 1.0 0.0 0.0 0.0
0.0 0.0 0.0 0.9999426603317261 4.257139516994357e-05 -1.0796857852213293e-10 0.005416389554738998
0.0 0.0 0.0 0.9995085000991821 0.020560042932629585 -0.0001243316219188273 -0.0065387096256017685
0.0 0.0 0.0 0.9982147216796875 0.009765654802322388 -0.00033665107912383974 -0.0077756247483193874
0.0 0.0 0.0 0.9880079627037048 -0.14529943466186523 0.0012657379265874624 0.0012663750676438212
0.0 0.0 0.0 0.9892385601997375 -0.1463116556406021 -5.547385057980136e-07 -1.7339324358545127e-06
0.0 0.0 0.0 0.995591402053833 0.07436958700418472 -5.305181502990308e-07 -2.0272607343940763e-06
0.0 0.0 0.0 0.9906038045883179 -0.13488948345184326 2.7277021672489354e-06 2.4862445116013987e-06
0.0 0.0 0.0 0.991036057472229 -0.1335950344800949 1.710414494482393e-06 2.753858780124574e-06
0.0 0.0 0.0 0.9955871105194092 -0.10482954978942871 -8.049117193230181e-17 9.164492276170222e-09
0.0 0.0 0.0 0.9967919588088989 0.0660003274679184 9.834852932044669e-10 -4.2604809628781566e-16
0.0 0.0 0.0 0.9962681531906128 -0.04086190462112427 8.180088550968634e-15 -4.1811443196593245e-09
0.0 0.0 0.0 0.9925416707992554 -0.10027410089969635 7.771561701771688e-17 8.766235737311945e-09
0.0 0.0 0.0 0.965880274772644 0.28950685262680054 2.2068761579188256e-15 3.284472955723404e-16
0.0 0.0 0.0 0.9918761849403381 0.11501560360193253 8.976152984687801e-15 -1.0054985288832086e-08
0.0 -0.2122267484664917 0.0 1.0 0.0 0.0 0.0
0.0 0.0 0.0 0.9999426007270813 4.955824988428503e-05 -6.87510604002739e-11 0.006305329501628876
0.0 0.0 0.0 0.9995777606964111 0.01714758574962616 -0.00010360950545873493 -0.007507149130105972
0.0 0.0 0.0 0.9984657764434814 0.004200875759124756 -0.00028055463917553425 -0.006479710340499878
0.0 0.0 0.0 0.9890623092651367 -0.13879835605621338 0.00120910769328475 0.0012097116559743881
0.0 0.0 0.0 0.9892385601997375 -0.1463116556406021 -5.547385057980136e-07 -1.7339324358545127e-06
0.0 0.0 0.0 0.995363175868988 0.07986489683389664 -6.135080639069201e-07 -2.1488183392648352e-06
0.0 0.0 0.0 0.9903389811515808 -0.13704408705234528 2.747982080109068e-06 2.534190798542113e-06
0.0 0.0 0.0 0.991036057472229 -0.1335950344800949 1.710414494482393e-06 2.753858780124574e-06
0.0 0.0 0.0 0.996210515499115 -0.09852653741836548 -9.367506770274758e-17 8.613465496409844e-09
0.0 0.0 0.0 0.9959980249404907 0.07635639607906342 1.13780251886908e-09 -4.0419056990259605e-16
0.0 0.0 0.0 0.9966748952865601 -0.023900486528873444 7.889956049611513e-15 -2.4455850677895796e-09
0.0 0.0 0.0 0.9909195899963379 -0.1143326684832573 3.122502256758253e-17 9.995275718210905e-09
0.0 0.0 0.0 0.9615395665168762 0.30326950550079346 2.323631391126595e-15 3.4652869613914115e-16
0.0 0.0 0.0 0.9930481314659119 0.10380400717258453 8.76382300063483e-15 -9.074836881950432e-09
0.0 -0.19274833798408508 0.0 1.0 0.0 0.0 0.0
0.0 0.0 0.0 0.9999425411224365 5.6545090046711266e-05 -2.953354227841487e-11 0.0071942731738090515
0.0 0.0 0.0 0.9996469616889954 0.013735130429267883 -8.288738899864256e-05 -0.008475588634610176
0.0 0.0 0.0 0.9987168312072754 -0.001363903284072876 -0.0002244581701233983 -0.005183795467019081
0.0 0.0 0.0 0.9901166558265686 -0.13229724764823914 0.0011524774599820375 0.0011530481278896332
0.0 0.0 0.0 0.9892385601997375 -0.1463116556406021 -5.547385057980136e-07 -1.7339324358545127e-06
0.0 0.0 0.0 0.9951350092887878 0.08536020666360855 -6.964979775148095e-07 -2.270375944135594e-06
0.0 0.0 0.0 0.9900741577148438 -0.1391986757516861 2.7682622203428764e-06 2.582136858109152e-06
0.0 0.0 0.0 0.991036057472229 -0.1335950344800949 1.710414494482393e-06 2.753858780124574e-06
0.0 0.0 0.0 0.9968339204788208 -0.09222352504730225 -1.0685896347319336e-16 8.062438716649467e-09
0.0 0.0 0.0 0.9952041506767273 0.08671244978904724 1.292119744533693e-09 -3.8233304351737644e-16
0.0 0.0 0.0 0.9970816969871521 -0.00693906843662262 7.599823548254392e-15 -7.100258159198347e-10
0.0 0.0 0.0 0.9892975687980652 -0.12839123606681824 -1.5265571882551823e-17 1.1224313922753026e-08
0.0 0.0 0.0 0.9571988582611084 0.3170321583747864 2.4403868360926015e-15 3.646100967059419e-16
0.0 0.0 0.0 0.9942200779914856 0.09259241819381714 8.551493016581858e-15 -8.094687586890359e-09
0.0 -0.17326994240283966 0.0 1.0 0.0 0.0 0.0
0.0 0.0 0.0 0.9999424815177917 6.35319302091375e-05 9.68403135459539e-12 0.008083213120698929
0.0 0.0 0.0 0.9997161626815796 0.010322675108909607 -6.21652725385502e-05 -0.00944402813911438
0.0 0.0 0.0 0.9989678859710693 -0.006928682327270508 -0.00016836170107126236 -0.0038878805935382843
0.0 0.0 0.0 0.9911710023880005 -0.12579616904258728 0.001095847226679325 0.0010963845998048782
0.0 0.0 0.0 0.9892385601997375 -0.1463116556406021 -5.547385057980136e-07 -1.7339324358545127e-06
0.0 0.0 0.0 0.9949067831039429 0.09085551649332047 -7.794877774358611e-07 -2.3919337763800286e-06
0.0 0.0 0.0 0.9898092746734619 -0.1413532793521881 2.788542133203009e-06 2.6300831450498663e-06
0.0 0.0 0.0 0.991036057472229 -0.1335950344800949 1.710414494482393e-06 2.753858780124574e-06
0.0 0.0 0.0 0.9974572658538818 -0.08592051267623901 -1.2004285924363913e-16 7.51141193688909e-09
0.0 0.0 0.0 0.9944102168083191 0.09706851840019226 1.4464368591760035e-09 -3.6047554360193643e-16
0.0 0.0 0.0 0.9974884390830994 0.010022349655628204 7.309691046897271e-15 1.0255334359499102e-09
0.0 0.0 0.0 0.9876754879951477 -0.14244981110095978 -6.175616633268617e-17 1.2453353903651987e-08
0.0 0.0 0.0 0.9528580904006958 0.3307948410511017 2.557142069300371e-15 3.826915237425222e-16
0.0 0.0 0.0 0.9953920245170593 0.08138082176446915 8.339163032528886e-15 -7.1145391800087054e-09
0.0 -0.15379154682159424 0.0 1.0 0.0 0.0 0.0
0.0 0.0 0.0 0.999942421913147 7.051877037156373e-05 4.890154947645442e-11 0.008972154930233955
0.0 0.0 0.0 0.9997854232788086 0.006910216063261032 -4.1443141526542604e-05 -0.010412467643618584
0.0 0.0 0.0 0.9992189407348633 -0.01249346137046814 -0.00011226529022678733 -0.0025919657200574875
0.0 0.0 0.0 0.9922253489494324 -0.11929507553577423 0.0010392171097919345 0.001039721304550767
0.0 0.0 0.0 0.9892385601997375 -0.1463116556406021 -5.547385057980136e-07 -1.7339324358545127e-06
0.0 0.0 0.0 0.9946786165237427 0.09635082632303238 -8.624776910437504e-07 -2.5134913812507875e-06
0.0 0.0 0.0 0.9895444512367249 -0.14350786805152893 2.808822046063142e-06 2.6780294319905806e-06
0.0 0.0 0.0 0.991036057472229 -0.1335950344800949 1.710414494482393e-06 2.753858780124574e-06
0.0 0.0 0.0 0.9980806708335876 -0.07961750030517578 -1.332267682489747e-16 6.960385157128712e-09
0.0 0.0 0.0 0.9936162829399109 0.10742457211017609 1.600754195862919e-09 -3.386180172167168e-16
0.0 0.0 0.0 0.9978951811790466 0.026983775198459625 7.01955854554015e-15 2.761092687819655e-09
0.0 0.0 0.0 0.9860534071922302 -0.15650838613510132 -1.0824673431304092e-16 1.3682392108194108e-08
0.0 0.0 0.0 0.948517382144928 0.3445574939250946 2.6738975142663775e-15 4.0077295077910256e-16
0.0 0.0 0.0 0.9965640306472778 0.07016922533512115 8.126832201442967e-15 -6.134390773127052e-09
0.0 -0.13431313633918762 0.0 1.0 0.0 0.0 0.0
0.0 0.0 0.0 0.9999423027038574 7.75056250859052e-05 8.811906759831345e-11 0.009861096739768982
0.0 0.0 0.0 0.9998546242713928 0.0034977607429027557 -2.0721039618365467e-05 -0.011380907148122787
0.0 0.0 0.0 0.9994699954986572 -0.01805824041366577 -5.6168821174651384e-05 -0.0012960508465766907
0.0 0.0 0.0 0.9932796955108643 -0.11279398947954178 0.000982586876489222 0.000983057776466012
0.0 0.0 0.0 0.9892385601997375 -0.1463116556406021 -5.547385057980136e-07 -1.7339324358545127e-06
0.0 0.0 0.0 0.9944503903388977 0.1018461287021637 -9.45467490964802e-07 -2.6350489861215465e-06
0.0 0.0 0.0 0.989279568195343 -0.14566247165203094 2.8291019589232747e-06 2.725975718931295e-06
0.0 0.0 0.0 0.991036057472229 -0.1335950344800949 1.710414494482393e-06 2.753858780124574e-06
0.0 0.0 0.0 0.9987040162086487 -0.07331448793411255 -1.4641066401942048e-16 6.409358377368335e-09
0.0 0.0 0.0 0.9928224086761475 0.1177806407213211 1.755071421527532e-09 -3.167605173012768e-16
0.0 0.0 0.0 0.9983019232749939 0.04394518584012985 6.729426044183029e-15 4.4966519396894e-09
0.0 0.0 0.0 0.9844313263893127 -0.17056694626808167 -1.5473732876317527e-16 1.491143208909307e-08
0.0 0.0 0.0 0.9441766142845154 0.3583201766014099 2.790652959232384e-15 4.188543513459033e-16
0.0 0.0 0.0 0.9977359771728516 0.05895763635635376 7.914502217389995e-15 -5.154241478066979e-09
